726 3600

-0.707106	-0.707107	-0.707107	0.146447	0.1464465	0.1464465
-0.565685	-0.707107	-0.707107	0.2171575	0.1464465	0.1464465
-0.707106	-0.707107	-0.565686	0.146447	0.1464465	0.217157
-0.565685	-0.707107	-0.565686	0.2171575	0.1464465	0.217157
-0.707106	-0.707107	-0.424264	0.146447	0.1464465	0.287868
-0.565685	-0.707107	-0.424264	0.2171575	0.1464465	0.287868
-0.707106	-0.707107	-0.282843	0.146447	0.1464465	0.3585785
-0.565685	-0.707107	-0.282843	0.2171575	0.1464465	0.3585785
-0.707106	-0.707107	-0.141422	0.146447	0.1464465	0.429289
-0.565685	-0.707107	-0.141422	0.2171575	0.1464465	0.429289
-0.707106	-0.707107	-2.02e-07	0.146447	0.1464465	0.4999998988
-0.565685	-0.707107	-2.02e-07	0.2171575	0.1464465	0.4999998988
-0.707106	-0.707107	0.141421	0.146447	0.1464465	0.5707105
-0.565685	-0.707107	0.141421	0.2171575	0.1464465	0.5707105
-0.707106	-0.707107	0.282842	0.146447	0.1464465	0.641421
-0.565685	-0.707107	0.282842	0.2171575	0.1464465	0.641421
-0.707106	-0.707107	0.424264	0.146447	0.1464465	0.712132
-0.565685	-0.707107	0.424264	0.2171575	0.1464465	0.712132
-0.707106	-0.707107	0.565685	0.146447	0.1464465	0.7828425
-0.565685	-0.707107	0.565685	0.2171575	0.1464465	0.7828425
-0.707106	-0.707107	0.707106	0.146447	0.1464465	0.853553
-0.565685	-0.707107	0.707106	0.2171575	0.1464465	0.853553
-0.424264	-0.707107	-0.707107	0.287868	0.1464465	0.1464465
-0.424264	-0.707107	-0.565686	0.287868	0.1464465	0.217157
-0.424264	-0.707107	-0.424264	0.287868	0.1464465	0.287868
-0.424264	-0.707107	-0.282843	0.287868	0.1464465	0.3585785
-0.424264	-0.707107	-0.141422	0.287868	0.1464465	0.429289
-0.424264	-0.707107	-2.02e-07	0.287868	0.1464465	0.4999998988
-0.424264	-0.707107	0.141421	0.287868	0.1464465	0.5707105
-0.424264	-0.707107	0.282842	0.287868	0.1464465	0.641421
-0.424264	-0.707107	0.424264	0.287868	0.1464465	0.712132
-0.424264	-0.707107	0.565685	0.287868	0.1464465	0.7828425
-0.424264	-0.707107	0.707106	0.287868	0.1464465	0.853553
-0.282842	-0.707107	-0.707107	0.358579	0.1464465	0.1464465
-0.282842	-0.707107	-0.565686	0.358579	0.1464465	0.217157
-0.282842	-0.707107	-0.424264	0.358579	0.1464465	0.287868
-0.282842	-0.707107	-0.282843	0.358579	0.1464465	0.3585785
-0.282842	-0.707107	-0.141422	0.358579	0.1464465	0.429289
-0.282842	-0.707107	-2.02e-07	0.358579	0.1464465	0.4999998988
-0.282842	-0.707107	0.141421	0.358579	0.1464465	0.5707105
-0.282842	-0.707107	0.282842	0.358579	0.1464465	0.641421
-0.282842	-0.707107	0.424264	0.358579	0.1464465	0.712132
-0.282842	-0.707107	0.565685	0.358579	0.1464465	0.7828425
-0.282842	-0.707107	0.707106	0.358579	0.1464465	0.853553
-0.141421	-0.707107	-0.707107	0.4292895	0.1464465	0.1464465
-0.141421	-0.707107	-0.565686	0.4292895	0.1464465	0.217157
-0.141421	-0.707107	-0.424264	0.4292895	0.1464465	0.287868
-0.141421	-0.707107	-0.282843	0.4292895	0.1464465	0.3585785
-0.141421	-0.707107	-0.141422	0.4292895	0.1464465	0.429289
-0.141421	-0.707107	-2.02e-07	0.4292895	0.1464465	0.4999998988
-0.141421	-0.707107	0.141421	0.4292895	0.1464465	0.5707105
-0.141421	-0.707107	0.282842	0.4292895	0.1464465	0.641421
-0.141421	-0.707107	0.424264	0.4292895	0.1464465	0.712132
-0.141421	-0.707107	0.565685	0.4292895	0.1464465	0.7828425
-0.141421	-0.707107	0.707106	0.4292895	0.1464465	0.853553
1.35e-07	-0.707107	-0.707107	0.5000000674	0.1464465	0.1464465
1.35e-07	-0.707107	-0.565686	0.5000000674	0.1464465	0.217157
1.35e-07	-0.707107	-0.424264	0.5000000674	0.1464465	0.287868
1.35e-07	-0.707107	-0.282843	0.5000000674	0.1464465	0.3585785
1.35e-07	-0.707107	-0.141422	0.5000000674	0.1464465	0.429289
1.35e-07	-0.707107	-2.02e-07	0.5000000674	0.1464465	0.4999998988
1.35e-07	-0.707107	0.141421	0.5000000674	0.1464465	0.5707105
1.35e-07	-0.707107	0.282842	0.5000000674	0.1464465	0.641421
1.35e-07	-0.707107	0.424264	0.5000000674	0.1464465	0.712132
1.35e-07	-0.707107	0.565685	0.5000000674	0.1464465	0.7828425
1.35e-07	-0.707107	0.707106	0.5000000674	0.1464465	0.853553
0.141421	-0.707107	-0.707107	0.5707105	0.1464465	0.1464465
0.141421	-0.707107	-0.565686	0.5707105	0.1464465	0.217157
0.141421	-0.707107	-0.424264	0.5707105	0.1464465	0.287868
0.141421	-0.707107	-0.282843	0.5707105	0.1464465	0.3585785
0.141421	-0.707107	-0.141422	0.5707105	0.1464465	0.429289
0.141421	-0.707107	-2.02e-07	0.5707105	0.1464465	0.4999998988
0.141421	-0.707107	0.141421	0.5707105	0.1464465	0.5707105
0.141421	-0.707107	0.282842	0.5707105	0.1464465	0.641421
0.141421	-0.707107	0.424264	0.5707105	0.1464465	0.712132
0.141421	-0.707107	0.565685	0.5707105	0.1464465	0.7828425
0.141421	-0.707107	0.707106	0.5707105	0.1464465	0.853553
0.282843	-0.707107	-0.707107	0.6414215	0.1464465	0.1464465
0.282843	-0.707107	-0.565686	0.6414215	0.1464465	0.217157
0.282843	-0.707107	-0.424264	0.6414215	0.1464465	0.287868
0.282843	-0.707107	-0.282843	0.6414215	0.1464465	0.3585785
0.282843	-0.707107	-0.141422	0.6414215	0.1464465	0.429289
0.282843	-0.707107	-2.02e-07	0.6414215	0.1464465	0.4999998988
0.282843	-0.707107	0.141421	0.6414215	0.1464465	0.5707105
0.282843	-0.707107	0.282842	0.6414215	0.1464465	0.641421
0.282843	-0.707107	0.424264	0.6414215	0.1464465	0.712132
0.282843	-0.707107	0.565685	0.6414215	0.1464465	0.7828425
0.282843	-0.707107	0.707106	0.6414215	0.1464465	0.853553
0.424264	-0.707107	-0.707107	0.712132	0.1464465	0.1464465
0.424264	-0.707107	-0.565686	0.712132	0.1464465	0.217157
0.424264	-0.707107	-0.424264	0.712132	0.1464465	0.287868
0.424264	-0.707107	-0.282843	0.712132	0.1464465	0.3585785
0.424264	-0.707107	-0.141422	0.712132	0.1464465	0.429289
0.424264	-0.707107	-2.02e-07	0.712132	0.1464465	0.4999998988
0.424264	-0.707107	0.141421	0.712132	0.1464465	0.5707105
0.424264	-0.707107	0.282842	0.712132	0.1464465	0.641421
0.424264	-0.707107	0.424264	0.712132	0.1464465	0.712132
0.424264	-0.707107	0.565685	0.712132	0.1464465	0.7828425
0.424264	-0.707107	0.707106	0.712132	0.1464465	0.853553
0.565685	-0.707107	-0.707107	0.7828425	0.1464465	0.1464465
0.565685	-0.707107	-0.565686	0.7828425	0.1464465	0.217157
0.565685	-0.707107	-0.424264	0.7828425	0.1464465	0.287868
0.565685	-0.707107	-0.282843	0.7828425	0.1464465	0.3585785
0.565685	-0.707107	-0.141422	0.7828425	0.1464465	0.429289
0.565685	-0.707107	-2.02e-07	0.7828425	0.1464465	0.4999998988
0.565685	-0.707107	0.141421	0.7828425	0.1464465	0.5707105
0.565685	-0.707107	0.282842	0.7828425	0.1464465	0.641421
0.565685	-0.707107	0.424264	0.7828425	0.1464465	0.712132
0.565685	-0.707107	0.565685	0.7828425	0.1464465	0.7828425
0.565685	-0.707107	0.707106	0.7828425	0.1464465	0.853553
0.707107	-0.707107	-0.707107	0.8535535	0.1464465	0.1464465
0.707107	-0.707107	-0.565686	0.8535535	0.1464465	0.217157
0.707107	-0.707107	-0.424264	0.8535535	0.1464465	0.287868
0.707107	-0.707107	-0.282843	0.8535535	0.1464465	0.3585785
0.707107	-0.707107	-0.141422	0.8535535	0.1464465	0.429289
0.707107	-0.707107	-2.02e-07	0.8535535	0.1464465	0.4999998988
0.707107	-0.707107	0.141421	0.8535535	0.1464465	0.5707105
0.707107	-0.707107	0.282842	0.8535535	0.1464465	0.641421
0.707107	-0.707107	0.424264	0.8535535	0.1464465	0.712132
0.707107	-0.707107	0.565685	0.8535535	0.1464465	0.7828425
0.707107	-0.707107	0.707106	0.8535535	0.1464465	0.853553
-0.707106	0.707107	0.707107	0.146447	0.8535535	0.8535535
-0.565685	0.707107	0.707107	0.2171575	0.8535535	0.8535535
-0.707106	0.707107	0.565686	0.146447	0.8535535	0.782843
-0.565685	0.707107	0.565686	0.2171575	0.8535535	0.782843
-0.707106	0.707107	0.424264	0.146447	0.8535535	0.712132
-0.565685	0.707107	0.424264	0.2171575	0.8535535	0.712132
-0.707106	0.707107	0.282843	0.146447	0.8535535	0.6414215
-0.565685	0.707107	0.282843	0.2171575	0.8535535	0.6414215
-0.707106	0.707107	0.141422	0.146447	0.8535535	0.570711
-0.565685	0.707107	0.141422	0.2171575	0.8535535	0.570711
-0.707106	0.707107	2.02e-07	0.146447	0.8535535	0.5000001012
-0.565685	0.707107	2.02e-07	0.2171575	0.8535535	0.5000001012
-0.707106	0.707107	-0.141421	0.146447	0.8535535	0.4292895
-0.565685	0.707107	-0.141421	0.2171575	0.8535535	0.4292895
-0.707106	0.707107	-0.282842	0.146447	0.8535535	0.358579
-0.565685	0.707107	-0.282842	0.2171575	0.8535535	0.358579
-0.707106	0.707107	-0.424264	0.146447	0.8535535	0.287868
-0.565685	0.707107	-0.424264	0.2171575	0.8535535	0.287868
-0.707106	0.707107	-0.565685	0.146447	0.8535535	0.2171575
-0.565685	0.707107	-0.565685	0.2171575	0.8535535	0.2171575
-0.707106	0.707107	-0.707106	0.146447	0.8535535	0.146447
-0.565685	0.707107	-0.707106	0.2171575	0.8535535	0.146447
-0.424264	0.707107	0.707107	0.287868	0.8535535	0.8535535
-0.424264	0.707107	0.565686	0.287868	0.8535535	0.782843
-0.424264	0.707107	0.424264	0.287868	0.8535535	0.712132
-0.424264	0.707107	0.282843	0.287868	0.8535535	0.6414215
-0.424264	0.707107	0.141422	0.287868	0.8535535	0.570711
-0.424264	0.707107	2.02e-07	0.287868	0.8535535	0.5000001012
-0.424264	0.707107	-0.141421	0.287868	0.8535535	0.4292895
-0.424264	0.707107	-0.282842	0.287868	0.8535535	0.358579
-0.424264	0.707107	-0.424264	0.287868	0.8535535	0.287868
-0.424264	0.707107	-0.565685	0.287868	0.8535535	0.2171575
-0.424264	0.707107	-0.707106	0.287868	0.8535535	0.146447
-0.282842	0.707107	0.707107	0.358579	0.8535535	0.8535535
-0.282842	0.707107	0.565686	0.358579	0.8535535	0.782843
-0.282842	0.707107	0.424264	0.358579	0.8535535	0.712132
-0.282842	0.707107	0.282843	0.358579	0.8535535	0.6414215
-0.282842	0.707107	0.141422	0.358579	0.8535535	0.570711
-0.282842	0.707107	2.02e-07	0.358579	0.8535535	0.5000001012
-0.282842	0.707107	-0.141421	0.358579	0.8535535	0.4292895
-0.282842	0.707107	-0.282842	0.358579	0.8535535	0.358579
-0.282842	0.707107	-0.424264	0.358579	0.8535535	0.287868
-0.282842	0.707107	-0.565685	0.358579	0.8535535	0.2171575
-0.282842	0.707107	-0.707106	0.358579	0.8535535	0.146447
-0.141421	0.707107	0.707107	0.4292895	0.8535535	0.8535535
-0.141421	0.707107	0.565686	0.4292895	0.8535535	0.782843
-0.141421	0.707107	0.424264	0.4292895	0.8535535	0.712132
-0.141421	0.707107	0.282843	0.4292895	0.8535535	0.6414215
-0.141421	0.707107	0.141422	0.4292895	0.8535535	0.570711
-0.141421	0.707107	2.02e-07	0.4292895	0.8535535	0.5000001012
-0.141421	0.707107	-0.141421	0.4292895	0.8535535	0.4292895
-0.141421	0.707107	-0.282842	0.4292895	0.8535535	0.358579
-0.141421	0.707107	-0.424264	0.4292895	0.8535535	0.287868
-0.141421	0.707107	-0.565685	0.4292895	0.8535535	0.2171575
-0.141421	0.707107	-0.707106	0.4292895	0.8535535	0.146447
1.35e-07	0.707107	0.707107	0.5000000674	0.8535535	0.8535535
1.35e-07	0.707107	0.565686	0.5000000674	0.8535535	0.782843
1.35e-07	0.707107	0.424264	0.5000000674	0.8535535	0.712132
1.35e-07	0.707107	0.282843	0.5000000674	0.8535535	0.6414215
1.35e-07	0.707107	0.141422	0.5000000674	0.8535535	0.570711
1.35e-07	0.707107	2.02e-07	0.5000000674	0.8535535	0.5000001012
1.35e-07	0.707107	-0.141421	0.5000000674	0.8535535	0.4292895
1.35e-07	0.707107	-0.282842	0.5000000674	0.8535535	0.358579
1.35e-07	0.707107	-0.424264	0.5000000674	0.8535535	0.287868
1.35e-07	0.707107	-0.565685	0.5000000674	0.8535535	0.2171575
1.35e-07	0.707107	-0.707106	0.5000000674	0.8535535	0.146447
0.141421	0.707107	0.707107	0.5707105	0.8535535	0.8535535
0.141421	0.707107	0.565686	0.5707105	0.8535535	0.782843
0.141421	0.707107	0.424264	0.5707105	0.8535535	0.712132
0.141421	0.707107	0.282843	0.5707105	0.8535535	0.6414215
0.141421	0.707107	0.141422	0.5707105	0.8535535	0.570711
0.141421	0.707107	2.02e-07	0.5707105	0.8535535	0.5000001012
0.141421	0.707107	-0.141421	0.5707105	0.8535535	0.4292895
0.141421	0.707107	-0.282842	0.5707105	0.8535535	0.358579
0.141421	0.707107	-0.424264	0.5707105	0.8535535	0.287868
0.141421	0.707107	-0.565685	0.5707105	0.8535535	0.2171575
0.141421	0.707107	-0.707106	0.5707105	0.8535535	0.146447
0.282843	0.707107	0.707107	0.6414215	0.8535535	0.8535535
0.282843	0.707107	0.565686	0.6414215	0.8535535	0.782843
0.282843	0.707107	0.424264	0.6414215	0.8535535	0.712132
0.282843	0.707107	0.282843	0.6414215	0.8535535	0.6414215
0.282843	0.707107	0.141422	0.6414215	0.8535535	0.570711
0.282843	0.707107	2.02e-07	0.6414215	0.8535535	0.5000001012
0.282843	0.707107	-0.141421	0.6414215	0.8535535	0.4292895
0.282843	0.707107	-0.282842	0.6414215	0.8535535	0.358579
0.282843	0.707107	-0.424264	0.6414215	0.8535535	0.287868
0.282843	0.707107	-0.565685	0.6414215	0.8535535	0.2171575
0.282843	0.707107	-0.707106	0.6414215	0.8535535	0.146447
0.424264	0.707107	0.707107	0.712132	0.8535535	0.8535535
0.424264	0.707107	0.565686	0.712132	0.8535535	0.782843
0.424264	0.707107	0.424264	0.712132	0.8535535	0.712132
0.424264	0.707107	0.282843	0.712132	0.8535535	0.6414215
0.424264	0.707107	0.141422	0.712132	0.8535535	0.570711
0.424264	0.707107	2.02e-07	0.712132	0.8535535	0.5000001012
0.424264	0.707107	-0.141421	0.712132	0.8535535	0.4292895
0.424264	0.707107	-0.282842	0.712132	0.8535535	0.358579
0.424264	0.707107	-0.424264	0.712132	0.8535535	0.287868
0.424264	0.707107	-0.565685	0.712132	0.8535535	0.2171575
0.424264	0.707107	-0.707106	0.712132	0.8535535	0.146447
0.565685	0.707107	0.707107	0.7828425	0.8535535	0.8535535
0.565685	0.707107	0.565686	0.7828425	0.8535535	0.782843
0.565685	0.707107	0.424264	0.7828425	0.8535535	0.712132
0.565685	0.707107	0.282843	0.7828425	0.8535535	0.6414215
0.565685	0.707107	0.141422	0.7828425	0.8535535	0.570711
0.565685	0.707107	2.02e-07	0.7828425	0.8535535	0.5000001012
0.565685	0.707107	-0.141421	0.7828425	0.8535535	0.4292895
0.565685	0.707107	-0.282842	0.7828425	0.8535535	0.358579
0.565685	0.707107	-0.424264	0.7828425	0.8535535	0.287868
0.565685	0.707107	-0.565685	0.7828425	0.8535535	0.2171575
0.565685	0.707107	-0.707106	0.7828425	0.8535535	0.146447
0.707107	0.707107	0.707107	0.8535535	0.8535535	0.8535535
0.707107	0.707107	0.565686	0.8535535	0.8535535	0.782843
0.707107	0.707107	0.424264	0.8535535	0.8535535	0.712132
0.707107	0.707107	0.282843	0.8535535	0.8535535	0.6414215
0.707107	0.707107	0.141422	0.8535535	0.8535535	0.570711
0.707107	0.707107	2.02e-07	0.8535535	0.8535535	0.5000001012
0.707107	0.707107	-0.141421	0.8535535	0.8535535	0.4292895
0.707107	0.707107	-0.282842	0.8535535	0.8535535	0.358579
0.707107	0.707107	-0.424264	0.8535535	0.8535535	0.287868
0.707107	0.707107	-0.565685	0.8535535	0.8535535	0.2171575
0.707107	0.707107	-0.707106	0.8535535	0.8535535	0.146447
-0.707107	-0.707107	-0.707107	0.1464465	0.1464465	0.1464465
-0.707107	-0.707107	-0.565685	0.1464465	0.1464465	0.2171575
-0.707107	-0.565685	-0.707107	0.1464465	0.2171575	0.1464465
-0.707107	-0.565685	-0.565685	0.1464465	0.2171575	0.2171575
-0.707107	-0.424264	-0.707107	0.1464465	0.287868	0.1464465
-0.707107	-0.424264	-0.565685	0.1464465	0.287868	0.2171575
-0.707107	-0.282843	-0.707107	0.1464465	0.3585785	0.1464465
-0.707107	-0.282843	-0.565685	0.1464465	0.3585785	0.2171575
-0.707107	-0.141422	-0.707107	0.1464465	0.429289	0.1464465
-0.707107	-0.141422	-0.565685	0.1464465	0.429289	0.2171575
-0.707107	-2.02e-07	-0.707107	0.1464465	0.4999998988	0.1464465
-0.707107	-2.02e-07	-0.565685	0.1464465	0.4999998988	0.2171575
-0.707107	0.141421	-0.707107	0.1464465	0.5707105	0.1464465
-0.707107	0.141421	-0.565685	0.1464465	0.5707105	0.2171575
-0.707107	0.282842	-0.707107	0.1464465	0.641421	0.1464465
-0.707107	0.282842	-0.565685	0.1464465	0.641421	0.2171575
-0.707107	0.424264	-0.707107	0.1464465	0.712132	0.1464465
-0.707107	0.424264	-0.565685	0.1464465	0.712132	0.2171575
-0.707107	0.565685	-0.707107	0.1464465	0.7828425	0.1464465
-0.707107	0.565685	-0.565685	0.1464465	0.7828425	0.2171575
-0.707107	0.707106	-0.707107	0.1464465	0.853553	0.1464465
-0.707107	0.707106	-0.565685	0.1464465	0.853553	0.2171575
-0.707107	-0.707107	-0.424264	0.1464465	0.1464465	0.287868
-0.707107	-0.565685	-0.424264	0.1464465	0.2171575	0.287868
-0.707107	-0.424264	-0.424264	0.1464465	0.287868	0.287868
-0.707107	-0.282843	-0.424264	0.1464465	0.3585785	0.287868
-0.707107	-0.141422	-0.424264	0.1464465	0.429289	0.287868
-0.707107	-2.02e-07	-0.424264	0.1464465	0.4999998988	0.287868
-0.707107	0.141421	-0.424264	0.1464465	0.5707105	0.287868
-0.707107	0.282842	-0.424264	0.1464465	0.641421	0.287868
-0.707107	0.424264	-0.424264	0.1464465	0.712132	0.287868
-0.707107	0.565685	-0.424264	0.1464465	0.7828425	0.287868
-0.707107	0.707106	-0.424264	0.1464465	0.853553	0.287868
-0.707107	-0.707107	-0.282843	0.1464465	0.1464465	0.3585785
-0.707107	-0.565685	-0.282843	0.1464465	0.2171575	0.3585785
-0.707107	-0.424264	-0.282843	0.1464465	0.287868	0.3585785
-0.707107	-0.282843	-0.282843	0.1464465	0.3585785	0.3585785
-0.707107	-0.141422	-0.282843	0.1464465	0.429289	0.3585785
-0.707107	-2.02e-07	-0.282843	0.1464465	0.4999998988	0.3585785
-0.707107	0.141421	-0.282843	0.1464465	0.5707105	0.3585785
-0.707107	0.282842	-0.282843	0.1464465	0.641421	0.3585785
-0.707107	0.424264	-0.282843	0.1464465	0.712132	0.3585785
-0.707107	0.565685	-0.282843	0.1464465	0.7828425	0.3585785
-0.707107	0.707106	-0.282843	0.1464465	0.853553	0.3585785
-0.707107	-0.707107	-0.141421	0.1464465	0.1464465	0.4292895
-0.707107	-0.565685	-0.141421	0.1464465	0.2171575	0.4292895
-0.707107	-0.424264	-0.141421	0.1464465	0.287868	0.4292895
-0.707107	-0.282843	-0.141421	0.1464465	0.3585785	0.4292895
-0.707107	-0.141422	-0.141421	0.1464465	0.429289	0.4292895
-0.707107	-2.02e-07	-0.141421	0.1464465	0.4999998988	0.4292895
-0.707107	0.141421	-0.141421	0.1464465	0.5707105	0.4292895
-0.707107	0.282842	-0.141421	0.1464465	0.641421	0.4292895
-0.707107	0.424264	-0.141421	0.1464465	0.712132	0.4292895
-0.707107	0.565685	-0.141421	0.1464465	0.7828425	0.4292895
-0.707107	0.707106	-0.141421	0.1464465	0.853553	0.4292895
-0.707107	-0.707107	1.35e-07	0.1464465	0.1464465	0.5000000674
-0.707107	-0.565685	1.35e-07	0.1464465	0.2171575	0.5000000674
-0.707107	-0.424264	1.35e-07	0.1464465	0.287868	0.5000000674
-0.707107	-0.282843	1.35e-07	0.1464465	0.3585785	0.5000000674
-0.707107	-0.141422	1.35e-07	0.1464465	0.429289	0.5000000674
-0.707107	-2.02e-07	1.35e-07	0.1464465	0.4999998988	0.5000000674
-0.707107	0.141421	1.35e-07	0.1464465	0.5707105	0.5000000674
-0.707107	0.282842	1.35e-07	0.1464465	0.641421	0.5000000674
-0.707107	0.424264	1.35e-07	0.1464465	0.712132	0.5000000674
-0.707107	0.565685	1.35e-07	0.1464465	0.7828425	0.5000000674
-0.707107	0.707106	1.35e-07	0.1464465	0.853553	0.5000000674
-0.707107	-0.707107	0.141421	0.1464465	0.1464465	0.5707105
-0.707107	-0.565685	0.141421	0.1464465	0.2171575	0.5707105
-0.707107	-0.424264	0.141421	0.1464465	0.287868	0.5707105
-0.707107	-0.282843	0.141421	0.1464465	0.3585785	0.5707105
-0.707107	-0.141422	0.141421	0.1464465	0.429289	0.5707105
-0.707107	-2.02e-07	0.141421	0.1464465	0.4999998988	0.5707105
-0.707107	0.141421	0.141421	0.1464465	0.5707105	0.5707105
-0.707107	0.282842	0.141421	0.1464465	0.641421	0.5707105
-0.707107	0.424264	0.141421	0.1464465	0.712132	0.5707105
-0.707107	0.565685	0.141421	0.1464465	0.7828425	0.5707105
-0.707107	0.707106	0.141421	0.1464465	0.853553	0.5707105
-0.707107	-0.707107	0.282843	0.1464465	0.1464465	0.6414215
-0.707107	-0.565685	0.282843	0.1464465	0.2171575	0.6414215
-0.707107	-0.424264	0.282843	0.1464465	0.287868	0.6414215
-0.707107	-0.282843	0.282843	0.1464465	0.3585785	0.6414215
-0.707107	-0.141422	0.282843	0.1464465	0.429289	0.6414215
-0.707107	-2.02e-07	0.282843	0.1464465	0.4999998988	0.6414215
-0.707107	0.141421	0.282843	0.1464465	0.5707105	0.6414215
-0.707107	0.282842	0.282843	0.1464465	0.641421	0.6414215
-0.707107	0.424264	0.282843	0.1464465	0.712132	0.6414215
-0.707107	0.565685	0.282843	0.1464465	0.7828425	0.6414215
-0.707107	0.707106	0.282843	0.1464465	0.853553	0.6414215
-0.707107	-0.707107	0.424264	0.1464465	0.1464465	0.712132
-0.707107	-0.565685	0.424264	0.1464465	0.2171575	0.712132
-0.707107	-0.424264	0.424264	0.1464465	0.287868	0.712132
-0.707107	-0.282843	0.424264	0.1464465	0.3585785	0.712132
-0.707107	-0.141422	0.424264	0.1464465	0.429289	0.712132
-0.707107	-2.02e-07	0.424264	0.1464465	0.4999998988	0.712132
-0.707107	0.141421	0.424264	0.1464465	0.5707105	0.712132
-0.707107	0.282842	0.424264	0.1464465	0.641421	0.712132
-0.707107	0.424264	0.424264	0.1464465	0.712132	0.712132
-0.707107	0.565685	0.424264	0.1464465	0.7828425	0.712132
-0.707107	0.707106	0.424264	0.1464465	0.853553	0.712132
-0.707107	-0.707107	0.565685	0.1464465	0.1464465	0.7828425
-0.707107	-0.565685	0.565685	0.1464465	0.2171575	0.7828425
-0.707107	-0.424264	0.565685	0.1464465	0.287868	0.7828425
-0.707107	-0.282843	0.565685	0.1464465	0.3585785	0.7828425
-0.707107	-0.141422	0.565685	0.1464465	0.429289	0.7828425
-0.707107	-2.02e-07	0.565685	0.1464465	0.4999998988	0.7828425
-0.707107	0.141421	0.565685	0.1464465	0.5707105	0.7828425
-0.707107	0.282842	0.565685	0.1464465	0.641421	0.7828425
-0.707107	0.424264	0.565685	0.1464465	0.712132	0.7828425
-0.707107	0.565685	0.565685	0.1464465	0.7828425	0.7828425
-0.707107	0.707106	0.565685	0.1464465	0.853553	0.7828425
-0.707107	-0.707107	0.707107	0.1464465	0.1464465	0.8535535
-0.707107	-0.565685	0.707107	0.1464465	0.2171575	0.8535535
-0.707107	-0.424264	0.707107	0.1464465	0.287868	0.8535535
-0.707107	-0.282843	0.707107	0.1464465	0.3585785	0.8535535
-0.707107	-0.141422	0.707107	0.1464465	0.429289	0.8535535
-0.707107	-2.02e-07	0.707107	0.1464465	0.4999998988	0.8535535
-0.707107	0.141421	0.707107	0.1464465	0.5707105	0.8535535
-0.707107	0.282842	0.707107	0.1464465	0.641421	0.8535535
-0.707107	0.424264	0.707107	0.1464465	0.712132	0.8535535
-0.707107	0.565685	0.707107	0.1464465	0.7828425	0.8535535
-0.707107	0.707106	0.707107	0.1464465	0.853553	0.8535535
0.707107	-0.707107	0.707107	0.8535535	0.1464465	0.8535535
0.707107	-0.707107	0.565685	0.8535535	0.1464465	0.7828425
0.707107	-0.565685	0.707107	0.8535535	0.2171575	0.8535535
0.707107	-0.565685	0.565685	0.8535535	0.2171575	0.7828425
0.707107	-0.424264	0.707107	0.8535535	0.287868	0.8535535
0.707107	-0.424264	0.565685	0.8535535	0.287868	0.7828425
0.707107	-0.282843	0.707107	0.8535535	0.3585785	0.8535535
0.707107	-0.282843	0.565685	0.8535535	0.3585785	0.7828425
0.707107	-0.141422	0.707107	0.8535535	0.429289	0.8535535
0.707107	-0.141422	0.565685	0.8535535	0.429289	0.7828425
0.707107	-2.02e-07	0.707107	0.8535535	0.4999998988	0.8535535
0.707107	-2.02e-07	0.565685	0.8535535	0.4999998988	0.7828425
0.707107	0.141421	0.707107	0.8535535	0.5707105	0.8535535
0.707107	0.141421	0.565685	0.8535535	0.5707105	0.7828425
0.707107	0.282842	0.707107	0.8535535	0.641421	0.8535535
0.707107	0.282842	0.565685	0.8535535	0.641421	0.7828425
0.707107	0.424264	0.707107	0.8535535	0.712132	0.8535535
0.707107	0.424264	0.565685	0.8535535	0.712132	0.7828425
0.707107	0.565685	0.707107	0.8535535	0.7828425	0.8535535
0.707107	0.565685	0.565685	0.8535535	0.7828425	0.7828425
0.707107	0.707106	0.707107	0.8535535	0.853553	0.8535535
0.707107	0.707106	0.565685	0.8535535	0.853553	0.7828425
0.707107	-0.707107	0.424264	0.8535535	0.1464465	0.712132
0.707107	-0.565685	0.424264	0.8535535	0.2171575	0.712132
0.707107	-0.424264	0.424264	0.8535535	0.287868	0.712132
0.707107	-0.282843	0.424264	0.8535535	0.3585785	0.712132
0.707107	-0.141422	0.424264	0.8535535	0.429289	0.712132
0.707107	-2.02e-07	0.424264	0.8535535	0.4999998988	0.712132
0.707107	0.141421	0.424264	0.8535535	0.5707105	0.712132
0.707107	0.282842	0.424264	0.8535535	0.641421	0.712132
0.707107	0.424264	0.424264	0.8535535	0.712132	0.712132
0.707107	0.565685	0.424264	0.8535535	0.7828425	0.712132
0.707107	0.707106	0.424264	0.8535535	0.853553	0.712132
0.707107	-0.707107	0.282843	0.8535535	0.1464465	0.6414215
0.707107	-0.565685	0.282843	0.8535535	0.2171575	0.6414215
0.707107	-0.424264	0.282843	0.8535535	0.287868	0.6414215
0.707107	-0.282843	0.282843	0.8535535	0.3585785	0.6414215
0.707107	-0.141422	0.282843	0.8535535	0.429289	0.6414215
0.707107	-2.02e-07	0.282843	0.8535535	0.4999998988	0.6414215
0.707107	0.141421	0.282843	0.8535535	0.5707105	0.6414215
0.707107	0.282842	0.282843	0.8535535	0.641421	0.6414215
0.707107	0.424264	0.282843	0.8535535	0.712132	0.6414215
0.707107	0.565685	0.282843	0.8535535	0.7828425	0.6414215
0.707107	0.707106	0.282843	0.8535535	0.853553	0.6414215
0.707107	-0.707107	0.141421	0.8535535	0.1464465	0.5707105
0.707107	-0.565685	0.141421	0.8535535	0.2171575	0.5707105
0.707107	-0.424264	0.141421	0.8535535	0.287868	0.5707105
0.707107	-0.282843	0.141421	0.8535535	0.3585785	0.5707105
0.707107	-0.141422	0.141421	0.8535535	0.429289	0.5707105
0.707107	-2.02e-07	0.141421	0.8535535	0.4999998988	0.5707105
0.707107	0.141421	0.141421	0.8535535	0.5707105	0.5707105
0.707107	0.282842	0.141421	0.8535535	0.641421	0.5707105
0.707107	0.424264	0.141421	0.8535535	0.712132	0.5707105
0.707107	0.565685	0.141421	0.8535535	0.7828425	0.5707105
0.707107	0.707106	0.141421	0.8535535	0.853553	0.5707105
0.707107	-0.707107	-1.35e-07	0.8535535	0.1464465	0.4999999326
0.707107	-0.565685	-1.35e-07	0.8535535	0.2171575	0.4999999326
0.707107	-0.424264	-1.35e-07	0.8535535	0.287868	0.4999999326
0.707107	-0.282843	-1.35e-07	0.8535535	0.3585785	0.4999999326
0.707107	-0.141422	-1.35e-07	0.8535535	0.429289	0.4999999326
0.707107	-2.02e-07	-1.35e-07	0.8535535	0.4999998988	0.4999999326
0.707107	0.141421	-1.35e-07	0.8535535	0.5707105	0.4999999326
0.707107	0.282842	-1.35e-07	0.8535535	0.641421	0.4999999326
0.707107	0.424264	-1.35e-07	0.8535535	0.712132	0.4999999326
0.707107	0.565685	-1.35e-07	0.8535535	0.7828425	0.4999999326
0.707107	0.707106	-1.35e-07	0.8535535	0.853553	0.4999999326
0.707107	-0.707107	-0.141421	0.8535535	0.1464465	0.4292895
0.707107	-0.565685	-0.141421	0.8535535	0.2171575	0.4292895
0.707107	-0.424264	-0.141421	0.8535535	0.287868	0.4292895
0.707107	-0.282843	-0.141421	0.8535535	0.3585785	0.4292895
0.707107	-0.141422	-0.141421	0.8535535	0.429289	0.4292895
0.707107	-2.02e-07	-0.141421	0.8535535	0.4999998988	0.4292895
0.707107	0.141421	-0.141421	0.8535535	0.5707105	0.4292895
0.707107	0.282842	-0.141421	0.8535535	0.641421	0.4292895
0.707107	0.424264	-0.141421	0.8535535	0.712132	0.4292895
0.707107	0.565685	-0.141421	0.8535535	0.7828425	0.4292895
0.707107	0.707106	-0.141421	0.8535535	0.853553	0.4292895
0.707107	-0.707107	-0.282843	0.8535535	0.1464465	0.3585785
0.707107	-0.565685	-0.282843	0.8535535	0.2171575	0.3585785
0.707107	-0.424264	-0.282843	0.8535535	0.287868	0.3585785
0.707107	-0.282843	-0.282843	0.8535535	0.3585785	0.3585785
0.707107	-0.141422	-0.282843	0.8535535	0.429289	0.3585785
0.707107	-2.02e-07	-0.282843	0.8535535	0.4999998988	0.3585785
0.707107	0.141421	-0.282843	0.8535535	0.5707105	0.3585785
0.707107	0.282842	-0.282843	0.8535535	0.641421	0.3585785
0.707107	0.424264	-0.282843	0.8535535	0.712132	0.3585785
0.707107	0.565685	-0.282843	0.8535535	0.7828425	0.3585785
0.707107	0.707106	-0.282843	0.8535535	0.853553	0.3585785
0.707107	-0.707107	-0.424264	0.8535535	0.1464465	0.287868
0.707107	-0.565685	-0.424264	0.8535535	0.2171575	0.287868
0.707107	-0.424264	-0.424264	0.8535535	0.287868	0.287868
0.707107	-0.282843	-0.424264	0.8535535	0.3585785	0.287868
0.707107	-0.141422	-0.424264	0.8535535	0.429289	0.287868
0.707107	-2.02e-07	-0.424264	0.8535535	0.4999998988	0.287868
0.707107	0.141421	-0.424264	0.8535535	0.5707105	0.287868
0.707107	0.282842	-0.424264	0.8535535	0.641421	0.287868
0.707107	0.424264	-0.424264	0.8535535	0.712132	0.287868
0.707107	0.565685	-0.424264	0.8535535	0.7828425	0.287868
0.707107	0.707106	-0.424264	0.8535535	0.853553	0.287868
0.707107	-0.707107	-0.565685	0.8535535	0.1464465	0.2171575
0.707107	-0.565685	-0.565685	0.8535535	0.2171575	0.2171575
0.707107	-0.424264	-0.565685	0.8535535	0.287868	0.2171575
0.707107	-0.282843	-0.565685	0.8535535	0.3585785	0.2171575
0.707107	-0.141422	-0.565685	0.8535535	0.429289	0.2171575
0.707107	-2.02e-07	-0.565685	0.8535535	0.4999998988	0.2171575
0.707107	0.141421	-0.565685	0.8535535	0.5707105	0.2171575
0.707107	0.282842	-0.565685	0.8535535	0.641421	0.2171575
0.707107	0.424264	-0.565685	0.8535535	0.712132	0.2171575
0.707107	0.565685	-0.565685	0.8535535	0.7828425	0.2171575
0.707107	0.707106	-0.565685	0.8535535	0.853553	0.2171575
0.707107	-0.707107	-0.707107	0.8535535	0.1464465	0.1464465
0.707107	-0.565685	-0.707107	0.8535535	0.2171575	0.1464465
0.707107	-0.424264	-0.707107	0.8535535	0.287868	0.1464465
0.707107	-0.282843	-0.707107	0.8535535	0.3585785	0.1464465
0.707107	-0.141422	-0.707107	0.8535535	0.429289	0.1464465
0.707107	-2.02e-07	-0.707107	0.8535535	0.4999998988	0.1464465
0.707107	0.141421	-0.707107	0.8535535	0.5707105	0.1464465
0.707107	0.282842	-0.707107	0.8535535	0.641421	0.1464465
0.707107	0.424264	-0.707107	0.8535535	0.712132	0.1464465
0.707107	0.565685	-0.707107	0.8535535	0.7828425	0.1464465
0.707107	0.707106	-0.707107	0.8535535	0.853553	0.1464465
-0.707107	-0.707107	0.707107	0.1464465	0.1464465	0.8535535
-0.565685	-0.707107	0.707107	0.2171575	0.1464465	0.8535535
-0.707107	-0.565686	0.707107	0.1464465	0.217157	0.8535535
-0.565685	-0.565686	0.707107	0.2171575	0.217157	0.8535535
-0.707107	-0.424264	0.707107	0.1464465	0.287868	0.8535535
-0.565685	-0.424264	0.707107	0.2171575	0.287868	0.8535535
-0.707107	-0.282843	0.707107	0.1464465	0.3585785	0.8535535
-0.565685	-0.282843	0.707107	0.2171575	0.3585785	0.8535535
-0.707107	-0.141422	0.707107	0.1464465	0.429289	0.8535535
-0.565685	-0.141422	0.707107	0.2171575	0.429289	0.8535535
-0.707107	-2.02e-07	0.707107	0.1464465	0.4999998988	0.8535535
-0.565685	-2.02e-07	0.707107	0.2171575	0.4999998988	0.8535535
-0.707107	0.141421	0.707107	0.1464465	0.5707105	0.8535535
-0.565685	0.141421	0.707107	0.2171575	0.5707105	0.8535535
-0.707107	0.282842	0.707107	0.1464465	0.641421	0.8535535
-0.565685	0.282842	0.707107	0.2171575	0.641421	0.8535535
-0.707107	0.424264	0.707107	0.1464465	0.712132	0.8535535
-0.565685	0.424264	0.707107	0.2171575	0.712132	0.8535535
-0.707107	0.565685	0.707107	0.1464465	0.7828425	0.8535535
-0.565685	0.565685	0.707107	0.2171575	0.7828425	0.8535535
-0.707107	0.707106	0.707107	0.1464465	0.853553	0.8535535
-0.565685	0.707106	0.707107	0.2171575	0.853553	0.8535535
-0.424264	-0.707107	0.707107	0.287868	0.1464465	0.8535535
-0.424264	-0.565686	0.707107	0.287868	0.217157	0.8535535
-0.424264	-0.424264	0.707107	0.287868	0.287868	0.8535535
-0.424264	-0.282843	0.707107	0.287868	0.3585785	0.8535535
-0.424264	-0.141422	0.707107	0.287868	0.429289	0.8535535
-0.424264	-2.02e-07	0.707107	0.287868	0.4999998988	0.8535535
-0.424264	0.141421	0.707107	0.287868	0.5707105	0.8535535
-0.424264	0.282842	0.707107	0.287868	0.641421	0.8535535
-0.424264	0.424264	0.707107	0.287868	0.712132	0.8535535
-0.424264	0.565685	0.707107	0.287868	0.7828425	0.8535535
-0.424264	0.707106	0.707107	0.287868	0.853553	0.8535535
-0.282843	-0.707107	0.707107	0.3585785	0.1464465	0.8535535
-0.282843	-0.565686	0.707107	0.3585785	0.217157	0.8535535
-0.282843	-0.424264	0.707107	0.3585785	0.287868	0.8535535
-0.282843	-0.282843	0.707107	0.3585785	0.3585785	0.8535535
-0.282843	-0.141422	0.707107	0.3585785	0.429289	0.8535535
-0.282843	-2.02e-07	0.707107	0.3585785	0.4999998988	0.8535535
-0.282843	0.141421	0.707107	0.3585785	0.5707105	0.8535535
-0.282843	0.282842	0.707107	0.3585785	0.641421	0.8535535
-0.282843	0.424264	0.707107	0.3585785	0.712132	0.8535535
-0.282843	0.565685	0.707107	0.3585785	0.7828425	0.8535535
-0.282843	0.707106	0.707107	0.3585785	0.853553	0.8535535
-0.141421	-0.707107	0.707107	0.4292895	0.1464465	0.8535535
-0.141421	-0.565686	0.707107	0.4292895	0.217157	0.8535535
-0.141421	-0.424264	0.707107	0.4292895	0.287868	0.8535535
-0.141421	-0.282843	0.707107	0.4292895	0.3585785	0.8535535
-0.141421	-0.141422	0.707107	0.4292895	0.429289	0.8535535
-0.141421	-2.02e-07	0.707107	0.4292895	0.4999998988	0.8535535
-0.141421	0.141421	0.707107	0.4292895	0.5707105	0.8535535
-0.141421	0.282842	0.707107	0.4292895	0.641421	0.8535535
-0.141421	0.424264	0.707107	0.4292895	0.712132	0.8535535
-0.141421	0.565685	0.707107	0.4292895	0.7828425	0.8535535
-0.141421	0.707106	0.707107	0.4292895	0.853553	0.8535535
1.35e-07	-0.707107	0.707107	0.5000000674	0.1464465	0.8535535
1.35e-07	-0.565686	0.707107	0.5000000674	0.217157	0.8535535
1.35e-07	-0.424264	0.707107	0.5000000674	0.287868	0.8535535
1.35e-07	-0.282843	0.707107	0.5000000674	0.3585785	0.8535535
1.35e-07	-0.141422	0.707107	0.5000000674	0.429289	0.8535535
1.35e-07	-2.02e-07	0.707107	0.5000000674	0.4999998988	0.8535535
1.35e-07	0.141421	0.707107	0.5000000674	0.5707105	0.8535535
1.35e-07	0.282842	0.707107	0.5000000674	0.641421	0.8535535
1.35e-07	0.424264	0.707107	0.5000000674	0.712132	0.8535535
1.35e-07	0.565685	0.707107	0.5000000674	0.7828425	0.8535535
1.35e-07	0.707106	0.707107	0.5000000674	0.853553	0.8535535
0.141421	-0.707107	0.707107	0.5707105	0.1464465	0.8535535
0.141421	-0.565686	0.707107	0.5707105	0.217157	0.8535535
0.141421	-0.424264	0.707107	0.5707105	0.287868	0.8535535
0.141421	-0.282843	0.707107	0.5707105	0.3585785	0.8535535
0.141421	-0.141422	0.707107	0.5707105	0.429289	0.8535535
0.141421	-2.02e-07	0.707107	0.5707105	0.4999998988	0.8535535
0.141421	0.141421	0.707107	0.5707105	0.5707105	0.8535535
0.141421	0.282842	0.707107	0.5707105	0.641421	0.8535535
0.141421	0.424264	0.707107	0.5707105	0.712132	0.8535535
0.141421	0.565685	0.707107	0.5707105	0.7828425	0.8535535
0.141421	0.707106	0.707107	0.5707105	0.853553	0.8535535
0.282843	-0.707107	0.707107	0.6414215	0.1464465	0.8535535
0.282843	-0.565686	0.707107	0.6414215	0.217157	0.8535535
0.282843	-0.424264	0.707107	0.6414215	0.287868	0.8535535
0.282843	-0.282843	0.707107	0.6414215	0.3585785	0.8535535
0.282843	-0.141422	0.707107	0.6414215	0.429289	0.8535535
0.282843	-2.02e-07	0.707107	0.6414215	0.4999998988	0.8535535
0.282843	0.141421	0.707107	0.6414215	0.5707105	0.8535535
0.282843	0.282842	0.707107	0.6414215	0.641421	0.8535535
0.282843	0.424264	0.707107	0.6414215	0.712132	0.8535535
0.282843	0.565685	0.707107	0.6414215	0.7828425	0.8535535
0.282843	0.707106	0.707107	0.6414215	0.853553	0.8535535
0.424264	-0.707107	0.707107	0.712132	0.1464465	0.8535535
0.424264	-0.565686	0.707107	0.712132	0.217157	0.8535535
0.424264	-0.424264	0.707107	0.712132	0.287868	0.8535535
0.424264	-0.282843	0.707107	0.712132	0.3585785	0.8535535
0.424264	-0.141422	0.707107	0.712132	0.429289	0.8535535
0.424264	-2.02e-07	0.707107	0.712132	0.4999998988	0.8535535
0.424264	0.141421	0.707107	0.712132	0.5707105	0.8535535
0.424264	0.282842	0.707107	0.712132	0.641421	0.8535535
0.424264	0.424264	0.707107	0.712132	0.712132	0.8535535
0.424264	0.565685	0.707107	0.712132	0.7828425	0.8535535
0.424264	0.707106	0.707107	0.712132	0.853553	0.8535535
0.565685	-0.707107	0.707107	0.7828425	0.1464465	0.8535535
0.565685	-0.565686	0.707107	0.7828425	0.217157	0.8535535
0.565685	-0.424264	0.707107	0.7828425	0.287868	0.8535535
0.565685	-0.282843	0.707107	0.7828425	0.3585785	0.8535535
0.565685	-0.141422	0.707107	0.7828425	0.429289	0.8535535
0.565685	-2.02e-07	0.707107	0.7828425	0.4999998988	0.8535535
0.565685	0.141421	0.707107	0.7828425	0.5707105	0.8535535
0.565685	0.282842	0.707107	0.7828425	0.641421	0.8535535
0.565685	0.424264	0.707107	0.7828425	0.712132	0.8535535
0.565685	0.565685	0.707107	0.7828425	0.7828425	0.8535535
0.565685	0.707106	0.707107	0.7828425	0.853553	0.8535535
0.707107	-0.707107	0.707107	0.8535535	0.1464465	0.8535535
0.707107	-0.565686	0.707107	0.8535535	0.217157	0.8535535
0.707107	-0.424264	0.707107	0.8535535	0.287868	0.8535535
0.707107	-0.282843	0.707107	0.8535535	0.3585785	0.8535535
0.707107	-0.141422	0.707107	0.8535535	0.429289	0.8535535
0.707107	-2.02e-07	0.707107	0.8535535	0.4999998988	0.8535535
0.707107	0.141421	0.707107	0.8535535	0.5707105	0.8535535
0.707107	0.282842	0.707107	0.8535535	0.641421	0.8535535
0.707107	0.424264	0.707107	0.8535535	0.712132	0.8535535
0.707107	0.565685	0.707107	0.8535535	0.7828425	0.8535535
0.707107	0.707106	0.707107	0.8535535	0.853553	0.8535535
-0.707107	0.707107	-0.707107	0.1464465	0.8535535	0.1464465
-0.565685	0.707107	-0.707107	0.2171575	0.8535535	0.1464465
-0.707107	0.565686	-0.707107	0.1464465	0.782843	0.1464465
-0.565685	0.565686	-0.707107	0.2171575	0.782843	0.1464465
-0.707107	0.424264	-0.707107	0.1464465	0.712132	0.1464465
-0.565685	0.424264	-0.707107	0.2171575	0.712132	0.1464465
-0.707107	0.282843	-0.707107	0.1464465	0.6414215	0.1464465
-0.565685	0.282843	-0.707107	0.2171575	0.6414215	0.1464465
-0.707107	0.141422	-0.707107	0.1464465	0.570711	0.1464465
-0.565685	0.141422	-0.707107	0.2171575	0.570711	0.1464465
-0.707107	2.02e-07	-0.707107	0.1464465	0.5000001012	0.1464465
-0.565685	2.02e-07	-0.707107	0.2171575	0.5000001012	0.1464465
-0.707107	-0.141421	-0.707107	0.1464465	0.4292895	0.1464465
-0.565685	-0.141421	-0.707107	0.2171575	0.4292895	0.1464465
-0.707107	-0.282842	-0.707107	0.1464465	0.358579	0.1464465
-0.565685	-0.282842	-0.707107	0.2171575	0.358579	0.1464465
-0.707107	-0.424264	-0.707107	0.1464465	0.287868	0.1464465
-0.565685	-0.424264	-0.707107	0.2171575	0.287868	0.1464465
-0.707107	-0.565685	-0.707107	0.1464465	0.2171575	0.1464465
-0.565685	-0.565685	-0.707107	0.2171575	0.2171575	0.1464465
-0.707107	-0.707106	-0.707107	0.1464465	0.146447	0.1464465
-0.565685	-0.707106	-0.707107	0.2171575	0.146447	0.1464465
-0.424264	0.707107	-0.707107	0.287868	0.8535535	0.1464465
-0.424264	0.565686	-0.707107	0.287868	0.782843	0.1464465
-0.424264	0.424264	-0.707107	0.287868	0.712132	0.1464465
-0.424264	0.282843	-0.707107	0.287868	0.6414215	0.1464465
-0.424264	0.141422	-0.707107	0.287868	0.570711	0.1464465
-0.424264	2.02e-07	-0.707107	0.287868	0.5000001012	0.1464465
-0.424264	-0.141421	-0.707107	0.287868	0.4292895	0.1464465
-0.424264	-0.282842	-0.707107	0.287868	0.358579	0.1464465
-0.424264	-0.424264	-0.707107	0.287868	0.287868	0.1464465
-0.424264	-0.565685	-0.707107	0.287868	0.2171575	0.1464465
-0.424264	-0.707106	-0.707107	0.287868	0.146447	0.1464465
-0.282843	0.707107	-0.707107	0.3585785	0.8535535	0.1464465
-0.282843	0.565686	-0.707107	0.3585785	0.782843	0.1464465
-0.282843	0.424264	-0.707107	0.3585785	0.712132	0.1464465
-0.282843	0.282843	-0.707107	0.3585785	0.6414215	0.1464465
-0.282843	0.141422	-0.707107	0.3585785	0.570711	0.1464465
-0.282843	2.02e-07	-0.707107	0.3585785	0.5000001012	0.1464465
-0.282843	-0.141421	-0.707107	0.3585785	0.4292895	0.1464465
-0.282843	-0.282842	-0.707107	0.3585785	0.358579	0.1464465
-0.282843	-0.424264	-0.707107	0.3585785	0.287868	0.1464465
-0.282843	-0.565685	-0.707107	0.3585785	0.2171575	0.1464465
-0.282843	-0.707106	-0.707107	0.3585785	0.146447	0.1464465
-0.141421	0.707107	-0.707107	0.4292895	0.8535535	0.1464465
-0.141421	0.565686	-0.707107	0.4292895	0.782843	0.1464465
-0.141421	0.424264	-0.707107	0.4292895	0.712132	0.1464465
-0.141421	0.282843	-0.707107	0.4292895	0.6414215	0.1464465
-0.141421	0.141422	-0.707107	0.4292895	0.570711	0.1464465
-0.141421	2.02e-07	-0.707107	0.4292895	0.5000001012	0.1464465
-0.141421	-0.141421	-0.707107	0.4292895	0.4292895	0.1464465
-0.141421	-0.282842	-0.707107	0.4292895	0.358579	0.1464465
-0.141421	-0.424264	-0.707107	0.4292895	0.287868	0.1464465
-0.141421	-0.565685	-0.707107	0.4292895	0.2171575	0.1464465
-0.141421	-0.707106	-0.707107	0.4292895	0.146447	0.1464465
1.35e-07	0.707107	-0.707107	0.5000000674	0.8535535	0.1464465
1.35e-07	0.565686	-0.707107	0.5000000674	0.782843	0.1464465
1.35e-07	0.424264	-0.707107	0.5000000674	0.712132	0.1464465
1.35e-07	0.282843	-0.707107	0.5000000674	0.6414215	0.1464465
1.35e-07	0.141422	-0.707107	0.5000000674	0.570711	0.1464465
1.35e-07	2.02e-07	-0.707107	0.5000000674	0.5000001012	0.1464465
1.35e-07	-0.141421	-0.707107	0.5000000674	0.4292895	0.1464465
1.35e-07	-0.282842	-0.707107	0.5000000674	0.358579	0.1464465
1.35e-07	-0.424264	-0.707107	0.5000000674	0.287868	0.1464465
1.35e-07	-0.565685	-0.707107	0.5000000674	0.2171575	0.1464465
1.35e-07	-0.707106	-0.707107	0.5000000674	0.146447	0.1464465
0.141421	0.707107	-0.707107	0.5707105	0.8535535	0.1464465
0.141421	0.565686	-0.707107	0.5707105	0.782843	0.1464465
0.141421	0.424264	-0.707107	0.5707105	0.712132	0.1464465
0.141421	0.282843	-0.707107	0.5707105	0.6414215	0.1464465
0.141421	0.141422	-0.707107	0.5707105	0.570711	0.1464465
0.141421	2.02e-07	-0.707107	0.5707105	0.5000001012	0.1464465
0.141421	-0.141421	-0.707107	0.5707105	0.4292895	0.1464465
0.141421	-0.282842	-0.707107	0.5707105	0.358579	0.1464465
0.141421	-0.424264	-0.707107	0.5707105	0.287868	0.1464465
0.141421	-0.565685	-0.707107	0.5707105	0.2171575	0.1464465
0.141421	-0.707106	-0.707107	0.5707105	0.146447	0.1464465
0.282843	0.707107	-0.707107	0.6414215	0.8535535	0.1464465
0.282843	0.565686	-0.707107	0.6414215	0.782843	0.1464465
0.282843	0.424264	-0.707107	0.6414215	0.712132	0.1464465
0.282843	0.282843	-0.707107	0.6414215	0.6414215	0.1464465
0.282843	0.141422	-0.707107	0.6414215	0.570711	0.1464465
0.282843	2.02e-07	-0.707107	0.6414215	0.5000001012	0.1464465
0.282843	-0.141421	-0.707107	0.6414215	0.4292895	0.1464465
0.282843	-0.282842	-0.707107	0.6414215	0.358579	0.1464465
0.282843	-0.424264	-0.707107	0.6414215	0.287868	0.1464465
0.282843	-0.565685	-0.707107	0.6414215	0.2171575	0.1464465
0.282843	-0.707106	-0.707107	0.6414215	0.146447	0.1464465
0.424264	0.707107	-0.707107	0.712132	0.8535535	0.1464465
0.424264	0.565686	-0.707107	0.712132	0.782843	0.1464465
0.424264	0.424264	-0.707107	0.712132	0.712132	0.1464465
0.424264	0.282843	-0.707107	0.712132	0.6414215	0.1464465
0.424264	0.141422	-0.707107	0.712132	0.570711	0.1464465
0.424264	2.02e-07	-0.707107	0.712132	0.5000001012	0.1464465
0.424264	-0.141421	-0.707107	0.712132	0.4292895	0.1464465
0.424264	-0.282842	-0.707107	0.712132	0.358579	0.1464465
0.424264	-0.424264	-0.707107	0.712132	0.287868	0.1464465
0.424264	-0.565685	-0.707107	0.712132	0.2171575	0.1464465
0.424264	-0.707106	-0.707107	0.712132	0.146447	0.1464465
0.565685	0.707107	-0.707107	0.7828425	0.8535535	0.1464465
0.565685	0.565686	-0.707107	0.7828425	0.782843	0.1464465
0.565685	0.424264	-0.707107	0.7828425	0.712132	0.1464465
0.565685	0.282843	-0.707107	0.7828425	0.6414215	0.1464465
0.565685	0.141422	-0.707107	0.7828425	0.570711	0.1464465
0.565685	2.02e-07	-0.707107	0.7828425	0.5000001012	0.1464465
0.565685	-0.141421	-0.707107	0.7828425	0.4292895	0.1464465
0.565685	-0.282842	-0.707107	0.7828425	0.358579	0.1464465
0.565685	-0.424264	-0.707107	0.7828425	0.287868	0.1464465
0.565685	-0.565685	-0.707107	0.7828425	0.2171575	0.1464465
0.565685	-0.707106	-0.707107	0.7828425	0.146447	0.1464465
0.707107	0.707107	-0.707107	0.8535535	0.8535535	0.1464465
0.707107	0.565686	-0.707107	0.8535535	0.782843	0.1464465
0.707107	0.424264	-0.707107	0.8535535	0.712132	0.1464465
0.707107	0.282843	-0.707107	0.8535535	0.6414215	0.1464465
0.707107	0.141422	-0.707107	0.8535535	0.570711	0.1464465
0.707107	2.02e-07	-0.707107	0.8535535	0.5000001012	0.1464465
0.707107	-0.141421	-0.707107	0.8535535	0.4292895	0.1464465
0.707107	-0.282842	-0.707107	0.8535535	0.358579	0.1464465
0.707107	-0.424264	-0.707107	0.8535535	0.287868	0.1464465
0.707107	-0.565685	-0.707107	0.8535535	0.2171575	0.1464465
0.707107	-0.707106	-0.707107	0.8535535	0.146447	0.1464465


0	1	2
1	3	2
2	3	4
3	5	4
4	5	6
5	7	6
6	7	8
7	9	8
8	9	10
9	11	10
10	11	12
11	13	12
12	13	14
13	15	14
14	15	16
15	17	16
16	17	18
17	19	18
18	19	20
19	21	20
1	22	3
22	23	3
3	23	5
23	24	5
5	24	7
24	25	7
7	25	9
25	26	9
9	26	11
26	27	11
11	27	13
27	28	13
13	28	15
28	29	15
15	29	17
29	30	17
17	30	19
30	31	19
19	31	21
31	32	21
22	33	23
33	34	23
23	34	24
34	35	24
24	35	25
35	36	25
25	36	26
36	37	26
26	37	27
37	38	27
27	38	28
38	39	28
28	39	29
39	40	29
29	40	30
40	41	30
30	41	31
41	42	31
31	42	32
42	43	32
33	44	34
44	45	34
34	45	35
45	46	35
35	46	36
46	47	36
36	47	37
47	48	37
37	48	38
48	49	38
38	49	39
49	50	39
39	50	40
50	51	40
40	51	41
51	52	41
41	52	42
52	53	42
42	53	43
53	54	43
44	55	45
55	56	45
45	56	46
56	57	46
46	57	47
57	58	47
47	58	48
58	59	48
48	59	49
59	60	49
49	60	50
60	61	50
50	61	51
61	62	51
51	62	52
62	63	52
52	63	53
63	64	53
53	64	54
64	65	54
55	66	56
66	67	56
56	67	57
67	68	57
57	68	58
68	69	58
58	69	59
69	70	59
59	70	60
70	71	60
60	71	61
71	72	61
61	72	62
72	73	62
62	73	63
73	74	63
63	74	64
74	75	64
64	75	65
75	76	65
66	77	67
77	78	67
67	78	68
78	79	68
68	79	69
79	80	69
69	80	70
80	81	70
70	81	71
81	82	71
71	82	72
82	83	72
72	83	73
83	84	73
73	84	74
84	85	74
74	85	75
85	86	75
75	86	76
86	87	76
77	88	78
88	89	78
78	89	79
89	90	79
79	90	80
90	91	80
80	91	81
91	92	81
81	92	82
92	93	82
82	93	83
93	94	83
83	94	84
94	95	84
84	95	85
95	96	85
85	96	86
96	97	86
86	97	87
97	98	87
88	99	89
99	100	89
89	100	90
100	101	90
90	101	91
101	102	91
91	102	92
102	103	92
92	103	93
103	104	93
93	104	94
104	105	94
94	105	95
105	106	95
95	106	96
106	107	96
96	107	97
107	108	97
97	108	98
108	109	98
99	110	100
110	111	100
100	111	101
111	112	101
101	112	102
112	113	102
102	113	103
113	114	103
103	114	104
114	115	104
104	115	105
115	116	105
105	116	106
116	117	106
106	117	107
117	118	107
107	118	108
118	119	108
108	119	109
119	120	109
121	122	123
122	124	123
123	124	125
124	126	125
125	126	127
126	128	127
127	128	129
128	130	129
129	130	131
130	132	131
131	132	133
132	134	133
133	134	135
134	136	135
135	136	137
136	138	137
137	138	139
138	140	139
139	140	141
140	142	141
122	143	124
143	144	124
124	144	126
144	145	126
126	145	128
145	146	128
128	146	130
146	147	130
130	147	132
147	148	132
132	148	134
148	149	134
134	149	136
149	150	136
136	150	138
150	151	138
138	151	140
151	152	140
140	152	142
152	153	142
143	154	144
154	155	144
144	155	145
155	156	145
145	156	146
156	157	146
146	157	147
157	158	147
147	158	148
158	159	148
148	159	149
159	160	149
149	160	150
160	161	150
150	161	151
161	162	151
151	162	152
162	163	152
152	163	153
163	164	153
154	165	155
165	166	155
155	166	156
166	167	156
156	167	157
167	168	157
157	168	158
168	169	158
158	169	159
169	170	159
159	170	160
170	171	160
160	171	161
171	172	161
161	172	162
172	173	162
162	173	163
173	174	163
163	174	164
174	175	164
165	176	166
176	177	166
166	177	167
177	178	167
167	178	168
178	179	168
168	179	169
179	180	169
169	180	170
180	181	170
170	181	171
181	182	171
171	182	172
182	183	172
172	183	173
183	184	173
173	184	174
184	185	174
174	185	175
185	186	175
176	187	177
187	188	177
177	188	178
188	189	178
178	189	179
189	190	179
179	190	180
190	191	180
180	191	181
191	192	181
181	192	182
192	193	182
182	193	183
193	194	183
183	194	184
194	195	184
184	195	185
195	196	185
185	196	186
196	197	186
187	198	188
198	199	188
188	199	189
199	200	189
189	200	190
200	201	190
190	201	191
201	202	191
191	202	192
202	203	192
192	203	193
203	204	193
193	204	194
204	205	194
194	205	195
205	206	195
195	206	196
206	207	196
196	207	197
207	208	197
198	209	199
209	210	199
199	210	200
210	211	200
200	211	201
211	212	201
201	212	202
212	213	202
202	213	203
213	214	203
203	214	204
214	215	204
204	215	205
215	216	205
205	216	206
216	217	206
206	217	207
217	218	207
207	218	208
218	219	208
209	220	210
220	221	210
210	221	211
221	222	211
211	222	212
222	223	212
212	223	213
223	224	213
213	224	214
224	225	214
214	225	215
225	226	215
215	226	216
226	227	216
216	227	217
227	228	217
217	228	218
228	229	218
218	229	219
229	230	219
220	231	221
231	232	221
221	232	222
232	233	222
222	233	223
233	234	223
223	234	224
234	235	224
224	235	225
235	236	225
225	236	226
236	237	226
226	237	227
237	238	227
227	238	228
238	239	228
228	239	229
239	240	229
229	240	230
240	241	230
242	243	244
243	245	244
244	245	246
245	247	246
246	247	248
247	249	248
248	249	250
249	251	250
250	251	252
251	253	252
252	253	254
253	255	254
254	255	256
255	257	256
256	257	258
257	259	258
258	259	260
259	261	260
260	261	262
261	263	262
243	264	245
264	265	245
245	265	247
265	266	247
247	266	249
266	267	249
249	267	251
267	268	251
251	268	253
268	269	253
253	269	255
269	270	255
255	270	257
270	271	257
257	271	259
271	272	259
259	272	261
272	273	261
261	273	263
273	274	263
264	275	265
275	276	265
265	276	266
276	277	266
266	277	267
277	278	267
267	278	268
278	279	268
268	279	269
279	280	269
269	280	270
280	281	270
270	281	271
281	282	271
271	282	272
282	283	272
272	283	273
283	284	273
273	284	274
284	285	274
275	286	276
286	287	276
276	287	277
287	288	277
277	288	278
288	289	278
278	289	279
289	290	279
279	290	280
290	291	280
280	291	281
291	292	281
281	292	282
292	293	282
282	293	283
293	294	283
283	294	284
294	295	284
284	295	285
295	296	285
286	297	287
297	298	287
287	298	288
298	299	288
288	299	289
299	300	289
289	300	290
300	301	290
290	301	291
301	302	291
291	302	292
302	303	292
292	303	293
303	304	293
293	304	294
304	305	294
294	305	295
305	306	295
295	306	296
306	307	296
297	308	298
308	309	298
298	309	299
309	310	299
299	310	300
310	311	300
300	311	301
311	312	301
301	312	302
312	313	302
302	313	303
313	314	303
303	314	304
314	315	304
304	315	305
315	316	305
305	316	306
316	317	306
306	317	307
317	318	307
308	319	309
319	320	309
309	320	310
320	321	310
310	321	311
321	322	311
311	322	312
322	323	312
312	323	313
323	324	313
313	324	314
324	325	314
314	325	315
325	326	315
315	326	316
326	327	316
316	327	317
327	328	317
317	328	318
328	329	318
319	330	320
330	331	320
320	331	321
331	332	321
321	332	322
332	333	322
322	333	323
333	334	323
323	334	324
334	335	324
324	335	325
335	336	325
325	336	326
336	337	326
326	337	327
337	338	327
327	338	328
338	339	328
328	339	329
339	340	329
330	341	331
341	342	331
331	342	332
342	343	332
332	343	333
343	344	333
333	344	334
344	345	334
334	345	335
345	346	335
335	346	336
346	347	336
336	347	337
347	348	337
337	348	338
348	349	338
338	349	339
349	350	339
339	350	340
350	351	340
341	352	342
352	353	342
342	353	343
353	354	343
343	354	344
354	355	344
344	355	345
355	356	345
345	356	346
356	357	346
346	357	347
357	358	347
347	358	348
358	359	348
348	359	349
359	360	349
349	360	350
360	361	350
350	361	351
361	362	351
363	364	365
364	366	365
365	366	367
366	368	367
367	368	369
368	370	369
369	370	371
370	372	371
371	372	373
372	374	373
373	374	375
374	376	375
375	376	377
376	378	377
377	378	379
378	380	379
379	380	381
380	382	381
381	382	383
382	384	383
364	385	366
385	386	366
366	386	368
386	387	368
368	387	370
387	388	370
370	388	372
388	389	372
372	389	374
389	390	374
374	390	376
390	391	376
376	391	378
391	392	378
378	392	380
392	393	380
380	393	382
393	394	382
382	394	384
394	395	384
385	396	386
396	397	386
386	397	387
397	398	387
387	398	388
398	399	388
388	399	389
399	400	389
389	400	390
400	401	390
390	401	391
401	402	391
391	402	392
402	403	392
392	403	393
403	404	393
393	404	394
404	405	394
394	405	395
405	406	395
396	407	397
407	408	397
397	408	398
408	409	398
398	409	399
409	410	399
399	410	400
410	411	400
400	411	401
411	412	401
401	412	402
412	413	402
402	413	403
413	414	403
403	414	404
414	415	404
404	415	405
415	416	405
405	416	406
416	417	406
407	418	408
418	419	408
408	419	409
419	420	409
409	420	410
420	421	410
410	421	411
421	422	411
411	422	412
422	423	412
412	423	413
423	424	413
413	424	414
424	425	414
414	425	415
425	426	415
415	426	416
426	427	416
416	427	417
427	428	417
418	429	419
429	430	419
419	430	420
430	431	420
420	431	421
431	432	421
421	432	422
432	433	422
422	433	423
433	434	423
423	434	424
434	435	424
424	435	425
435	436	425
425	436	426
436	437	426
426	437	427
437	438	427
427	438	428
438	439	428
429	440	430
440	441	430
430	441	431
441	442	431
431	442	432
442	443	432
432	443	433
443	444	433
433	444	434
444	445	434
434	445	435
445	446	435
435	446	436
446	447	436
436	447	437
447	448	437
437	448	438
448	449	438
438	449	439
449	450	439
440	451	441
451	452	441
441	452	442
452	453	442
442	453	443
453	454	443
443	454	444
454	455	444
444	455	445
455	456	445
445	456	446
456	457	446
446	457	447
457	458	447
447	458	448
458	459	448
448	459	449
459	460	449
449	460	450
460	461	450
451	462	452
462	463	452
452	463	453
463	464	453
453	464	454
464	465	454
454	465	455
465	466	455
455	466	456
466	467	456
456	467	457
467	468	457
457	468	458
468	469	458
458	469	459
469	470	459
459	470	460
470	471	460
460	471	461
471	472	461
462	473	463
473	474	463
463	474	464
474	475	464
464	475	465
475	476	465
465	476	466
476	477	466
466	477	467
477	478	467
467	478	468
478	479	468
468	479	469
479	480	469
469	480	470
480	481	470
470	481	471
481	482	471
471	482	472
482	483	472
484	485	486
485	487	486
486	487	488
487	489	488
488	489	490
489	491	490
490	491	492
491	493	492
492	493	494
493	495	494
494	495	496
495	497	496
496	497	498
497	499	498
498	499	500
499	501	500
500	501	502
501	503	502
502	503	504
503	505	504
485	506	487
506	507	487
487	507	489
507	508	489
489	508	491
508	509	491
491	509	493
509	510	493
493	510	495
510	511	495
495	511	497
511	512	497
497	512	499
512	513	499
499	513	501
513	514	501
501	514	503
514	515	503
503	515	505
515	516	505
506	517	507
517	518	507
507	518	508
518	519	508
508	519	509
519	520	509
509	520	510
520	521	510
510	521	511
521	522	511
511	522	512
522	523	512
512	523	513
523	524	513
513	524	514
524	525	514
514	525	515
525	526	515
515	526	516
526	527	516
517	528	518
528	529	518
518	529	519
529	530	519
519	530	520
530	531	520
520	531	521
531	532	521
521	532	522
532	533	522
522	533	523
533	534	523
523	534	524
534	535	524
524	535	525
535	536	525
525	536	526
536	537	526
526	537	527
537	538	527
528	539	529
539	540	529
529	540	530
540	541	530
530	541	531
541	542	531
531	542	532
542	543	532
532	543	533
543	544	533
533	544	534
544	545	534
534	545	535
545	546	535
535	546	536
546	547	536
536	547	537
547	548	537
537	548	538
548	549	538
539	550	540
550	551	540
540	551	541
551	552	541
541	552	542
552	553	542
542	553	543
553	554	543
543	554	544
554	555	544
544	555	545
555	556	545
545	556	546
556	557	546
546	557	547
557	558	547
547	558	548
558	559	548
548	559	549
559	560	549
550	561	551
561	562	551
551	562	552
562	563	552
552	563	553
563	564	553
553	564	554
564	565	554
554	565	555
565	566	555
555	566	556
566	567	556
556	567	557
567	568	557
557	568	558
568	569	558
558	569	559
569	570	559
559	570	560
570	571	560
561	572	562
572	573	562
562	573	563
573	574	563
563	574	564
574	575	564
564	575	565
575	576	565
565	576	566
576	577	566
566	577	567
577	578	567
567	578	568
578	579	568
568	579	569
579	580	569
569	580	570
580	581	570
570	581	571
581	582	571
572	583	573
583	584	573
573	584	574
584	585	574
574	585	575
585	586	575
575	586	576
586	587	576
576	587	577
587	588	577
577	588	578
588	589	578
578	589	579
589	590	579
579	590	580
590	591	580
580	591	581
591	592	581
581	592	582
592	593	582
583	594	584
594	595	584
584	595	585
595	596	585
585	596	586
596	597	586
586	597	587
597	598	587
587	598	588
598	599	588
588	599	589
599	600	589
589	600	590
600	601	590
590	601	591
601	602	591
591	602	592
602	603	592
592	603	593
603	604	593
605	606	607
606	608	607
607	608	609
608	610	609
609	610	611
610	612	611
611	612	613
612	614	613
613	614	615
614	616	615
615	616	617
616	618	617
617	618	619
618	620	619
619	620	621
620	622	621
621	622	623
622	624	623
623	624	625
624	626	625
606	627	608
627	628	608
608	628	610
628	629	610
610	629	612
629	630	612
612	630	614
630	631	614
614	631	616
631	632	616
616	632	618
632	633	618
618	633	620
633	634	620
620	634	622
634	635	622
622	635	624
635	636	624
624	636	626
636	637	626
627	638	628
638	639	628
628	639	629
639	640	629
629	640	630
640	641	630
630	641	631
641	642	631
631	642	632
642	643	632
632	643	633
643	644	633
633	644	634
644	645	634
634	645	635
645	646	635
635	646	636
646	647	636
636	647	637
647	648	637
638	649	639
649	650	639
639	650	640
650	651	640
640	651	641
651	652	641
641	652	642
652	653	642
642	653	643
653	654	643
643	654	644
654	655	644
644	655	645
655	656	645
645	656	646
656	657	646
646	657	647
657	658	647
647	658	648
658	659	648
649	660	650
660	661	650
650	661	651
661	662	651
651	662	652
662	663	652
652	663	653
663	664	653
653	664	654
664	665	654
654	665	655
665	666	655
655	666	656
666	667	656
656	667	657
667	668	657
657	668	658
668	669	658
658	669	659
669	670	659
660	671	661
671	672	661
661	672	662
672	673	662
662	673	663
673	674	663
663	674	664
674	675	664
664	675	665
675	676	665
665	676	666
676	677	666
666	677	667
677	678	667
667	678	668
678	679	668
668	679	669
679	680	669
669	680	670
680	681	670
671	682	672
682	683	672
672	683	673
683	684	673
673	684	674
684	685	674
674	685	675
685	686	675
675	686	676
686	687	676
676	687	677
687	688	677
677	688	678
688	689	678
678	689	679
689	690	679
679	690	680
690	691	680
680	691	681
691	692	681
682	693	683
693	694	683
683	694	684
694	695	684
684	695	685
695	696	685
685	696	686
696	697	686
686	697	687
697	698	687
687	698	688
698	699	688
688	699	689
699	700	689
689	700	690
700	701	690
690	701	691
701	702	691
691	702	692
702	703	692
693	704	694
704	705	694
694	705	695
705	706	695
695	706	696
706	707	696
696	707	697
707	708	697
697	708	698
708	709	698
698	709	699
709	710	699
699	710	700
710	711	700
700	711	701
711	712	701
701	712	702
712	713	702
702	713	703
713	714	703
704	715	705
715	716	705
705	716	706
716	717	706
706	717	707
717	718	707
707	718	708
718	719	708
708	719	709
719	720	709
709	720	710
720	721	710
710	721	711
721	722	711
711	722	712
722	723	712
712	723	713
723	724	713
713	724	714
724	725	714
