1734 9216
-0.57735	-0.577351	-0.57735
-0.505181	-0.610243	-0.610242
-0.610242	-0.610243	-0.505181
-0.533962	-0.655568	-0.533962
-0.637377	-0.637378	-0.433013
-0.557705	-0.692454	-0.457682
-0.659466	-0.659467	-0.360844
-0.577033	-0.722195	-0.381401
-0.677003	-0.677004	-0.288675
-0.592378	-0.745647	-0.305121
-0.690335	-0.690335	-0.216506
-0.604043	-0.76339	-0.228841
-0.699702	-0.699703	-0.144337
-0.612239	-0.775815	-0.15256
-0.705263	-0.705263	-0.0721686
-0.617105	-0.783175	-0.0762801
-0.707106	-0.707107	1.91009e-07
-0.618718	-0.785613	1.98556e-07
-0.705263	-0.705263	0.072169
-0.617105	-0.783175	0.0762805
-0.699702	-0.699703	0.144338
-0.612239	-0.775815	0.152561
-0.690335	-0.690335	0.216507
-0.604043	-0.76339	0.228841
-0.677003	-0.677004	0.288675
-0.592377	-0.745647	0.305121
-0.659466	-0.659467	0.360844
-0.577033	-0.722195	0.381402
-0.637377	-0.637378	0.433013
-0.557705	-0.692454	0.457682
-0.610242	-0.610243	0.505182
-0.533962	-0.655568	0.533962
-0.57735	-0.57735	0.57735
-0.505181	-0.610243	0.610243
-0.433013	-0.637378	-0.637377
-0.457682	-0.692454	-0.557705
-0.478033	-0.736864	-0.478033
-0.4946	-0.772451	-0.398361
-0.507752	-0.800391	-0.318688
-0.517751	-0.821465	-0.239016
-0.524776	-0.836193	-0.159344
-0.528947	-0.844907	-0.079672
-0.53033	-0.847791	2.03903e-07
-0.528947	-0.844907	0.0796724
-0.524776	-0.836193	0.159345
-0.517751	-0.821465	0.239017
-0.507752	-0.800391	0.318689
-0.494599	-0.772451	0.398361
-0.478033	-0.736864	0.478033
-0.457682	-0.692454	0.557705
-0.433012	-0.637378	0.637377
-0.360844	-0.659467	-0.659466
-0.381401	-0.722195	-0.577033
-0.398361	-0.772451	-0.494599
-0.412166	-0.81255	-0.412166
-0.423127	-0.843943	-0.329733
-0.431459	-0.867575	-0.2473
-0.437314	-0.884068	-0.164866
-0.440789	-0.893817	-0.0824331
-0.441941	-0.897044	2.07366e-07
-0.440789	-0.893817	0.0824335
-0.437314	-0.884068	0.164867
-0.431459	-0.867575	0.2473
-0.423127	-0.843943	0.329733
-0.412166	-0.81255	0.412167
-0.398361	-0.772451	0.4946
-0.381401	-0.722195	0.577033
-0.360844	-0.659467	0.659466
-0.288675	-0.677004	-0.677003
-0.305121	-0.745647	-0.592377
-0.318689	-0.800391	-0.507752
-0.329733	-0.843943	-0.423127
-0.338501	-0.877971	-0.338501
-0.345167	-0.903552	-0.253876
-0.349851	-0.921389	-0.169251
-0.352631	-0.931928	-0.0846252
-0.353553	-0.935414	2.09181e-07
-0.352631	-0.931928	0.0846256
-0.349851	-0.921389	0.169251
-0.345167	-0.903552	0.253876
-0.338501	-0.877971	0.338502
-0.329733	-0.843943	0.423127
-0.318688	-0.80039	0.507752
-0.305121	-0.745647	0.592378
-0.288675	-0.677003	0.677003
-0.216506	-0.690335	-0.690335
-0.228841	-0.76339	-0.604043
-0.239016	-0.821465	-0.517751
-0.2473	-0.867575	-0.431459
-0.253876	-0.903552	-0.345167
-0.258875	-0.930573	-0.258875
-0.262388	-0.949404	-0.172583
-0.264473	-0.960525	-0.0862916
-0.265165	-0.964203	2.09529e-07
-0.264473	-0.960524	0.0862921
-0.262388	-0.949404	0.172584
-0.258875	-0.930573	0.258876
-0.253876	-0.903552	0.345168
-0.2473	-0.867574	0.431459
-0.239016	-0.821465	0.517751
-0.228841	-0.76339	0.604043
-0.216506	-0.690335	0.690335
-0.144338	-0.699703	-0.699702
-0.152561	-0.775815	-0.612239
-0.159344	-0.836193	-0.524776
-0.164866	-0.884068	-0.437314
-0.169251	-0.921389	-0.349851
-0.172584	-0.949404	-0.262388
-0.174925	-0.968918	-0.174925
-0.176316	-0.98044	-0.0874626
-0.176777	-0.984251	2.08548e-07
-0.176316	-0.98044	0.087463
-0.174925	-0.968918	0.174926
-0.172584	-0.949403	0.262388
-0.169251	-0.921389	0.349851
-0.164866	-0.884067	0.437314
-0.159344	-0.836193	0.524777
-0.15256	-0.775814	0.612239
-0.144337	-0.699702	0.699702
-0.0721687	-0.705263	-0.705263
-0.0762803	-0.783175	-0.617105
-0.0796721	-0.844907	-0.528947
-0.0824332	-0.893817	-0.440789
-0.0846253	-0.931928	-0.352631
-0.0862918	-0.960525	-0.264473
-0.0874627	-0.98044	-0.176315
-0.0881577	-0.992198	-0.0881576
-0.0883882	-0.996086	2.06352e-07
-0.0881577	-0.992198	0.088158
-0.0874627	-0.98044	0.176316
-0.0862918	-0.960524	0.264474
-0.0846253	-0.931928	0.352632
-0.0824331	-0.893817	0.440789
-0.079672	-0.844907	0.528947
-0.0762802	-0.783175	0.617105
-0.0721687	-0.705263	0.705263
4.94711e-08	-0.707107	-0.707106
5.56238e-08	-0.785613	-0.618718
6.15797e-08	-0.847791	-0.53033
6.73171e-08	-0.897044	-0.441941
7.28064e-08	-0.935414	-0.353553
7.80121e-08	-0.964203	-0.265165
8.28937e-08	-0.984251	-0.176776
8.7406e-08	-0.996086	-0.0883881
9.14981e-08	-1	2.03028e-07
9.5113e-08	-0.996086	0.0883885
9.81862e-08	-0.984251	0.176777
1.00644e-07	-0.964203	0.265165
1.02399e-07	-0.935414	0.353553
1.0335e-07	-0.897044	0.441942
1.03371e-07	-0.847791	0.53033
1.02304e-07	-0.785613	0.618718
9.99446e-08	-0.707107	0.707107
0.0721688	-0.705263	-0.705262
0.0762803	-0.783175	-0.617105
0.0796722	-0.844907	-0.528947
0.0824333	-0.893817	-0.440789
0.0846254	-0.931928	-0.352631
0.0862919	-0.960525	-0.264473
0.0874628	-0.98044	-0.176315
0.0881579	-0.992198	-0.0881576
0.0883884	-0.996086	1.98645e-07
0.0881579	-0.992198	0.088158
0.0874628	-0.98044	0.176316
0.0862919	-0.960524	0.264474
0.0846255	-0.931928	0.352632
0.0824334	-0.893817	0.440789
0.0796722	-0.844907	0.528947
0.0762804	-0.783175	0.617105
0.0721689	-0.705263	0.705263
0.144338	-0.699703	-0.699702
0.152561	-0.775815	-0.612239
0.159344	-0.836193	-0.524776
0.164867	-0.884068	-0.437314
0.169251	-0.921389	-0.349851
0.172584	-0.949404	-0.262388
0.174926	-0.968918	-0.174925
0.176316	-0.98044	-0.0874626
0.176777	-0.984251	1.93256e-07
0.176316	-0.98044	0.0874629
0.174926	-0.968918	0.174926
0.172584	-0.949403	0.262388
0.169251	-0.921389	0.349851
0.164867	-0.884067	0.437314
0.159344	-0.836193	0.524777
0.152561	-0.775815	0.612239
0.144338	-0.699702	0.699702
0.216506	-0.690336	-0.690335
0.228841	-0.76339	-0.604043
0.239017	-0.821465	-0.517751
0.2473	-0.867575	-0.431459
0.253876	-0.903552	-0.345167
0.258876	-0.930573	-0.258875
0.262388	-0.949404	-0.172584
0.264474	-0.960524	-0.0862917
0.265165	-0.964203	1.86897e-07
0.264474	-0.960524	0.086292
0.262388	-0.949403	0.172584
0.258876	-0.930573	0.258876
0.253876	-0.903552	0.345168
0.2473	-0.867574	0.431459
0.239017	-0.821465	0.517751
0.228841	-0.76339	0.604043
0.216506	-0.690335	0.690335
0.288675	-0.677004	-0.677003
0.305121	-0.745647	-0.592377
0.318689	-0.800391	-0.507752
0.329733	-0.843943	-0.423127
0.338502	-0.877971	-0.338501
0.345167	-0.903552	-0.253876
0.349851	-0.921389	-0.169251
0.352631	-0.931928	-0.0846252
0.353553	-0.935414	1.79588e-07
0.352631	-0.931928	0.0846256
0.349851	-0.921389	0.169251
0.345167	-0.903552	0.253876
0.338502	-0.877971	0.338502
0.329733	-0.843943	0.423127
0.318689	-0.800391	0.507752
0.305121	-0.745647	0.592378
0.288675	-0.677003	0.677003
0.360844	-0.659467	-0.659466
0.381402	-0.722195	-0.577033
0.398361	-0.772451	-0.494599
0.412166	-0.81255	-0.412166
0.423127	-0.843943	-0.329733
0.431459	-0.867575	-0.2473
0.437314	-0.884068	-0.164866
0.440789	-0.893817	-0.0824331
0.441942	-0.897044	1.71333e-07
0.440789	-0.893817	0.0824334
0.437314	-0.884067	0.164867
0.431459	-0.867575	0.2473
0.423127	-0.843943	0.329733
0.412166	-0.81255	0.412166
0.398361	-0.77245	0.4946
0.381401	-0.722195	0.577033
0.360844	-0.659466	0.659466
0.433013	-0.637378	-0.637377
0.457682	-0.692454	-0.557705
0.478033	-0.736864	-0.478033
0.4946	-0.772451	-0.398361
0.507752	-0.800391	-0.318688
0.517751	-0.821465	-0.239016
0.524777	-0.836193	-0.159344
0.528947	-0.844907	-0.079672
0.53033	-0.847791	1.62112e-07
0.528947	-0.844907	0.0796723
0.524777	-0.836193	0.159344
0.517751	-0.821465	0.239017
0.507752	-0.800391	0.318689
0.4946	-0.772451	0.398361
0.478033	-0.736864	0.478033
0.457682	-0.692454	0.557705
0.433013	-0.637378	0.637377
0.505181	-0.610243	-0.610242
0.533962	-0.655568	-0.533962
0.557705	-0.692454	-0.457682
0.577033	-0.722195	-0.381401
0.592378	-0.745647	-0.305121
0.604043	-0.76339	-0.228841
0.612239	-0.775815	-0.15256
0.617105	-0.783175	-0.0762801
0.618718	-0.785613	1.51876e-07
0.617105	-0.783175	0.0762804
0.612239	-0.775815	0.152561
0.604043	-0.76339	0.228841
0.592378	-0.745647	0.305121
0.577033	-0.722195	0.381402
0.557705	-0.692454	0.457682
0.533962	-0.655568	0.533962
0.505181	-0.610243	0.610242
0.57735	-0.577351	-0.57735
0.610242	-0.610243	-0.505181
0.637377	-0.637378	-0.433013
0.659466	-0.659467	-0.360844
0.677003	-0.677004	-0.288675
0.690335	-0.690335	-0.216506
0.699702	-0.699703	-0.144337
0.705263	-0.705263	-0.0721686
0.707106	-0.707107	1.40535e-07
0.705263	-0.705263	0.0721689
0.699702	-0.699703	0.144338
0.690335	-0.690335	0.216506
0.677003	-0.677003	0.288675
0.659466	-0.659467	0.360844
0.637377	-0.637378	0.433013
0.610242	-0.610243	0.505181
0.57735	-0.57735	0.57735
-0.57735	0.577351	-0.57735
-0.505181	0.610243	-0.610242
-0.610242	0.610243	-0.505181
-0.533962	0.655568	-0.533962
-0.637377	0.637378	-0.433012
-0.557705	0.692454	-0.457682
-0.659466	0.659467	-0.360844
-0.577033	0.722195	-0.381401
-0.677003	0.677004	-0.288675
-0.592377	0.745647	-0.305121
-0.690335	0.690335	-0.216506
-0.604043	0.76339	-0.228841
-0.699702	0.699703	-0.144337
-0.612239	0.775815	-0.15256
-0.705263	0.705263	-0.0721686
-0.617105	0.783175	-0.0762801
-0.707106	0.707107	1.91009e-07
-0.618718	0.785613	1.98556e-07
-0.705263	0.705263	0.072169
-0.617105	0.783175	0.0762805
-0.699702	0.699703	0.144338
-0.612239	0.775815	0.152561
-0.690335	0.690335	0.216507
-0.604043	0.76339	0.228841
-0.677003	0.677004	0.288675
-0.592377	0.745647	0.305121
-0.659466	0.659467	0.360844
-0.577033	0.722195	0.381402
-0.637377	0.637378	0.433013
-0.557705	0.692454	0.457682
-0.610242	0.610243	0.505182
-0.533962	0.655568	0.533962
-0.57735	0.57735	0.57735
-0.505181	0.610243	0.610243
-0.433013	0.637378	-0.637377
-0.457682	0.692454	-0.557705
-0.478033	0.736865	-0.478033
-0.494599	0.772451	-0.398361
-0.507752	0.800391	-0.318688
-0.517751	0.821465	-0.239016
-0.524776	0.836193	-0.159344
-0.528947	0.844907	-0.079672
-0.53033	0.847791	2.03903e-07
-0.528947	0.844907	0.0796724
-0.524776	0.836193	0.159345
-0.517751	0.821465	0.239017
-0.507752	0.800391	0.318689
-0.494599	0.772451	0.398361
-0.478033	0.736864	0.478033
-0.457682	0.692454	0.557705
-0.433012	0.637378	0.637377
-0.360844	0.659467	-0.659466
-0.381401	0.722195	-0.577033
-0.398361	0.772451	-0.494599
-0.412166	0.81255	-0.412166
-0.423127	0.843943	-0.329733
-0.431459	0.867575	-0.2473
-0.437314	0.884068	-0.164866
-0.440789	0.893817	-0.0824331
-0.441941	0.897044	2.07366e-07
-0.440789	0.893817	0.0824335
-0.437314	0.884068	0.164867
-0.431459	0.867575	0.2473
-0.423127	0.843943	0.329733
-0.412166	0.81255	0.412167
-0.398361	0.772451	0.4946
-0.381401	0.722195	0.577033
-0.360844	0.659467	0.659466
-0.288675	0.677004	-0.677003
-0.305121	0.745647	-0.592377
-0.318689	0.800391	-0.507752
-0.329733	0.843943	-0.423127
-0.338501	0.877971	-0.338501
-0.345167	0.903552	-0.253876
-0.349851	0.921389	-0.169251
-0.352631	0.931928	-0.0846252
-0.353553	0.935414	2.09181e-07
-0.352631	0.931928	0.0846256
-0.349851	0.921389	0.169251
-0.345167	0.903552	0.253876
-0.338501	0.877971	0.338502
-0.329733	0.843943	0.423127
-0.318688	0.80039	0.507752
-0.305121	0.745647	0.592378
-0.288675	0.677003	0.677003
-0.216506	0.690336	-0.690335
-0.228841	0.76339	-0.604043
-0.239016	0.821465	-0.517751
-0.2473	0.867575	-0.431459
-0.253876	0.903552	-0.345167
-0.258875	0.930573	-0.258875
-0.262388	0.949404	-0.172583
-0.264473	0.960525	-0.0862916
-0.265165	0.964203	2.09529e-07
-0.264473	0.960524	0.0862921
-0.262388	0.949404	0.172584
-0.258875	0.930573	0.258876
-0.253876	0.903552	0.345168
-0.2473	0.867574	0.431459
-0.239016	0.821465	0.517751
-0.228841	0.76339	0.604043
-0.216506	0.690335	0.690335
-0.144337	0.699703	-0.699702
-0.152561	0.775815	-0.612239
-0.159344	0.836193	-0.524776
-0.164866	0.884068	-0.437314
-0.169251	0.921389	-0.349851
-0.172584	0.949404	-0.262388
-0.174925	0.968918	-0.174925
-0.176316	0.98044	-0.0874626
-0.176777	0.984251	2.08548e-07
-0.176316	0.98044	0.087463
-0.174925	0.968918	0.174926
-0.172584	0.949403	0.262388
-0.169251	0.921389	0.349851
-0.164866	0.884067	0.437314
-0.159344	0.836193	0.524777
-0.15256	0.775814	0.612239
-0.144337	0.699702	0.699702
-0.0721687	0.705263	-0.705262
-0.0762802	0.783175	-0.617105
-0.0796721	0.844907	-0.528947
-0.0824332	0.893817	-0.440789
-0.0846253	0.931928	-0.352631
-0.0862918	0.960525	-0.264473
-0.0874627	0.98044	-0.176315
-0.0881577	0.992198	-0.0881576
-0.0883882	0.996086	2.06352e-07
-0.0881577	0.992198	0.088158
-0.0874627	0.98044	0.176316
-0.0862918	0.960524	0.264474
-0.0846253	0.931928	0.352632
-0.0824331	0.893817	0.440789
-0.079672	0.844907	0.528947
-0.0762802	0.783175	0.617105
-0.0721687	0.705263	0.705263
4.94711e-08	0.707107	-0.707106
5.56238e-08	0.785613	-0.618718
6.15797e-08	0.847791	-0.53033
6.73171e-08	0.897044	-0.441941
7.28064e-08	0.935414	-0.353553
7.80121e-08	0.964203	-0.265165
8.28937e-08	0.984251	-0.176776
8.7406e-08	0.996086	-0.0883881
9.14981e-08	1	2.03028e-07
9.5113e-08	0.996086	0.0883885
9.81862e-08	0.984251	0.176777
1.00644e-07	0.964203	0.265165
1.02399e-07	0.935414	0.353553
1.0335e-07	0.897044	0.441942
1.03371e-07	0.847791	0.53033
1.02304e-07	0.785613	0.618718
9.99446e-08	0.707107	0.707107
0.0721688	0.705263	-0.705262
0.0762803	0.783175	-0.617105
0.0796722	0.844907	-0.528947
0.0824333	0.893817	-0.440789
0.0846254	0.931928	-0.352631
0.0862919	0.960525	-0.264473
0.0874628	0.98044	-0.176315
0.0881579	0.992198	-0.0881576
0.0883884	0.996086	1.98645e-07
0.0881579	0.992198	0.088158
0.0874628	0.98044	0.176316
0.0862919	0.960524	0.264474
0.0846255	0.931928	0.352632
0.0824334	0.893817	0.440789
0.0796722	0.844907	0.528947
0.0762804	0.783175	0.617105
0.0721689	0.705263	0.705263
0.144338	0.699703	-0.699702
0.152561	0.775815	-0.612239
0.159344	0.836193	-0.524776
0.164867	0.884068	-0.437314
0.169251	0.921389	-0.349851
0.172584	0.949404	-0.262388
0.174926	0.968918	-0.174925
0.176316	0.98044	-0.0874626
0.176777	0.984251	1.93256e-07
0.176316	0.98044	0.0874629
0.174926	0.968918	0.174926
0.172584	0.949403	0.262388
0.169251	0.921389	0.349851
0.164867	0.884067	0.437314
0.159344	0.836193	0.524777
0.152561	0.775814	0.61224
0.144338	0.699702	0.699702
0.216506	0.690336	-0.690335
0.228841	0.76339	-0.604043
0.239017	0.821465	-0.517751
0.2473	0.867575	-0.431459
0.253876	0.903552	-0.345167
0.258876	0.930573	-0.258875
0.262388	0.949404	-0.172584
0.264474	0.960524	-0.0862917
0.265165	0.964203	1.86897e-07
0.264474	0.960524	0.086292
0.262388	0.949403	0.172584
0.258876	0.930573	0.258876
0.253876	0.903552	0.345168
0.2473	0.867574	0.43146
0.239017	0.821465	0.517751
0.228841	0.76339	0.604043
0.216506	0.690335	0.690335
0.288675	0.677004	-0.677003
0.305121	0.745647	-0.592377
0.318689	0.800391	-0.507752
0.329733	0.843943	-0.423127
0.338502	0.877971	-0.338501
0.345167	0.903552	-0.253876
0.349851	0.921389	-0.169251
0.352631	0.931928	-0.0846252
0.353553	0.935414	1.79588e-07
0.352631	0.931928	0.0846256
0.349851	0.921389	0.169251
0.345167	0.903552	0.253876
0.338502	0.877971	0.338502
0.329733	0.843943	0.423127
0.318689	0.80039	0.507752
0.305121	0.745647	0.592378
0.288675	0.677003	0.677003
0.360844	0.659467	-0.659466
0.381402	0.722195	-0.577033
0.398361	0.772451	-0.494599
0.412166	0.81255	-0.412166
0.423127	0.843943	-0.329733
0.431459	0.867575	-0.2473
0.437314	0.884068	-0.164866
0.440789	0.893817	-0.0824331
0.441942	0.897044	1.71333e-07
0.440789	0.893817	0.0824334
0.437314	0.884067	0.164867
0.431459	0.867574	0.2473
0.423127	0.843943	0.329733
0.412166	0.81255	0.412167
0.398361	0.77245	0.4946
0.381402	0.722195	0.577033
0.360844	0.659466	0.659466
0.433013	0.637378	-0.637377
0.457682	0.692454	-0.557705
0.478033	0.736864	-0.478033
0.4946	0.772451	-0.398361
0.507752	0.800391	-0.318688
0.517751	0.821465	-0.239016
0.524777	0.836193	-0.159344
0.528947	0.844907	-0.079672
0.53033	0.847791	1.62112e-07
0.528947	0.844907	0.0796723
0.524777	0.836193	0.159344
0.517751	0.821465	0.239017
0.507752	0.80039	0.318689
0.4946	0.77245	0.398361
0.478033	0.736864	0.478033
0.457682	0.692454	0.557705
0.433013	0.637377	0.637377
0.505181	0.610243	-0.610242
0.533962	0.655568	-0.533962
0.557705	0.692454	-0.457682
0.577033	0.722195	-0.381401
0.592378	0.745647	-0.305121
0.604043	0.76339	-0.228841
0.612239	0.775815	-0.15256
0.617105	0.783175	-0.0762801
0.618718	0.785613	1.51876e-07
0.617105	0.783175	0.0762804
0.612239	0.775814	0.152561
0.604043	0.76339	0.228841
0.592378	0.745647	0.305121
0.577033	0.722195	0.381402
0.557705	0.692454	0.457682
0.533962	0.655568	0.533962
0.505181	0.610242	0.610242
0.57735	0.577351	-0.57735
0.610242	0.610243	-0.505181
0.637377	0.637378	-0.433013
0.659466	0.659467	-0.360844
0.677003	0.677004	-0.288675
0.690335	0.690335	-0.216506
0.699702	0.699703	-0.144337
0.705263	0.705263	-0.0721686
0.707107	0.707107	1.40535e-07
0.705263	0.705263	0.0721689
0.699702	0.699702	0.144338
0.690335	0.690335	0.216506
0.677003	0.677003	0.288675
0.659466	0.659466	0.360844
0.637377	0.637378	0.433013
0.610242	0.610243	0.505181
0.57735	0.57735	0.57735
-0.577351	-0.57735	0.57735
-0.610243	-0.610242	0.505181
-0.610243	-0.505181	0.610242
-0.655568	-0.533962	0.533962
-0.637378	-0.433013	0.637377
-0.692454	-0.457682	0.557705
-0.659467	-0.360844	0.659466
-0.722196	-0.381401	0.577032
-0.677004	-0.288675	0.677002
-0.745648	-0.305121	0.592377
-0.690336	-0.216506	0.690334
-0.76339	-0.228841	0.604042
-0.699703	-0.144337	0.699701
-0.775815	-0.15256	0.612239
-0.705264	-0.0721687	0.705262
-0.783175	-0.0762802	0.617104
-0.707108	5.4442e-08	0.707106
-0.785614	5.08749e-08	0.618718
-0.705264	0.0721688	0.705262
-0.783175	0.0762803	0.617104
-0.699703	0.144338	0.699701
-0.775815	0.152561	0.612239
-0.690336	0.216506	0.690334
-0.76339	0.228841	0.604042
-0.677004	0.288675	0.677002
-0.745648	0.305121	0.592377
-0.659467	0.360844	0.659465
-0.722196	0.381401	0.577032
-0.637378	0.433013	0.637377
-0.692454	0.457682	0.557705
-0.610243	0.505181	0.610242
-0.655568	0.533962	0.533962
-0.577351	0.57735	0.57735
-0.610243	0.610242	0.505181
-0.637378	-0.637377	0.433012
-0.692454	-0.557705	0.457681
-0.736865	-0.478033	0.478032
-0.772451	-0.398361	0.494599
-0.800391	-0.318688	0.507752
-0.821466	-0.239016	0.517751
-0.836194	-0.159344	0.524776
-0.844907	-0.0796721	0.528946
-0.847792	4.6172e-08	0.530329
-0.844907	0.0796722	0.528947
-0.836194	0.159344	0.524776
-0.821466	0.239016	0.517751
-0.800391	0.318689	0.507752
-0.772451	0.398361	0.494599
-0.736865	0.478033	0.478032
-0.692454	0.557705	0.457681
-0.637378	0.637377	0.433012
-0.659467	-0.659466	0.360844
-0.722196	-0.577033	0.381401
-0.772451	-0.494599	0.39836
-0.812551	-0.412166	0.412166
-0.843943	-0.329733	0.423126
-0.867575	-0.2473	0.431459
-0.884068	-0.164866	0.437313
-0.893818	-0.0824332	0.440789
-0.897044	4.05655e-08	0.441941
-0.893818	0.0824333	0.440789
-0.884068	0.164866	0.437313
-0.867575	0.2473	0.431459
-0.843943	0.329733	0.423126
-0.812551	0.412166	0.412166
-0.772451	0.494599	0.39836
-0.722196	0.577033	0.381401
-0.659467	0.659466	0.360843
-0.677004	-0.677003	0.288675
-0.745648	-0.592377	0.305121
-0.800391	-0.507752	0.318688
-0.843943	-0.423127	0.329733
-0.877972	-0.338501	0.338501
-0.903553	-0.253876	0.345167
-0.92139	-0.169251	0.349851
-0.931928	-0.0846253	0.352631
-0.935415	3.42461e-08	0.353553
-0.931928	0.0846254	0.352631
-0.92139	0.169251	0.349851
-0.903553	0.253876	0.345167
-0.877972	0.338501	0.338501
-0.843943	0.423127	0.329733
-0.800391	0.507752	0.318688
-0.745648	0.592377	0.305121
-0.677004	0.677003	0.288675
-0.690336	-0.690334	0.216506
-0.76339	-0.604043	0.228841
-0.821465	-0.517751	0.239016
-0.867575	-0.431459	0.247299
-0.903552	-0.345167	0.253876
-0.930574	-0.258875	0.258875
-0.949404	-0.172584	0.262388
-0.960525	-0.0862918	0.264473
-0.964204	2.73766e-08	0.265165
-0.960525	0.0862918	0.264473
-0.949404	0.172584	0.262388
-0.930574	0.258875	0.258875
-0.903552	0.345167	0.253876
-0.867575	0.431459	0.247299
-0.821465	0.517751	0.239016
-0.76339	0.604043	0.228841
-0.690336	0.690335	0.216506
-0.699703	-0.699702	0.144337
-0.775815	-0.612239	0.15256
-0.836194	-0.524776	0.159344
-0.884068	-0.437313	0.164866
-0.92139	-0.349851	0.16925
-0.949404	-0.262388	0.172583
-0.968918	-0.174925	0.174925
-0.980441	-0.0874627	0.176315
-0.984251	2.01019e-08	0.176776
-0.980441	0.0874627	0.176315
-0.968918	0.174925	0.174925
-0.949404	0.262388	0.172583
-0.92139	0.349851	0.16925
-0.884068	0.437314	0.164866
-0.836194	0.524776	0.159344
-0.775815	0.612239	0.15256
-0.699703	0.699702	0.144337
-0.705264	-0.705262	0.0721686
-0.783175	-0.617105	0.0762801
-0.844907	-0.528947	0.0796719
-0.893818	-0.440789	0.082433
-0.931928	-0.352631	0.0846251
-0.960525	-0.264473	0.0862915
-0.980441	-0.176316	0.0874624
-0.992198	-0.0881578	0.0881575
-0.996086	1.25546e-08	0.088388
-0.992198	0.0881578	0.0881575
-0.980441	0.176316	0.0874624
-0.960525	0.264473	0.0862915
-0.931928	0.352631	0.084625
-0.893818	0.440789	0.0824329
-0.844907	0.528947	0.0796718
-0.783175	0.617105	0.07628
-0.705264	0.705262	0.0721685
-0.707107	-0.707106	-1.96707e-07
-0.785613	-0.618718	-2.14583e-07
-0.847792	-0.53033	-2.31089e-07
-0.897044	-0.441941	-2.46305e-07
-0.935415	-0.353553	-2.60253e-07
-0.964203	-0.265165	-2.72921e-07
-0.984251	-0.176777	-2.84271e-07
-0.996086	-0.0883883	-2.94237e-07
-1	4.86029e-09	-3.02734e-07
-0.996086	0.0883883	-3.09651e-07
-0.984251	0.176777	-3.14856e-07
-0.964203	0.265165	-3.18185e-07
-0.935415	0.353553	-3.19438e-07
-0.897044	0.441941	-3.1837e-07
-0.847792	0.53033	-3.14671e-07
-0.785613	0.618718	-3.07944e-07
-0.707107	0.707106	-2.97655e-07
-0.705264	-0.705262	-0.072169
-0.783175	-0.617105	-0.0762805
-0.844907	-0.528947	-0.0796724
-0.893818	-0.440789	-0.0824335
-0.931928	-0.352631	-0.0846256
-0.960525	-0.264473	-0.0862921
-0.980441	-0.176316	-0.087463
-0.992198	-0.0881578	-0.0881581
-0.996086	-2.85938e-09	-0.0883886
-0.992198	0.0881578	-0.0881581
-0.980441	0.176316	-0.087463
-0.960525	0.264473	-0.0862921
-0.931928	0.352631	-0.0846257
-0.893818	0.440789	-0.0824336
-0.844907	0.528947	-0.0796724
-0.783175	0.617104	-0.0762806
-0.705264	0.705262	-0.0721691
-0.699703	-0.699702	-0.144338
-0.775815	-0.612239	-0.152561
-0.836193	-0.524776	-0.159344
-0.884068	-0.437314	-0.164867
-0.92139	-0.349851	-0.169251
-0.949404	-0.262388	-0.172584
-0.968918	-0.174925	-0.174926
-0.980441	-0.0874627	-0.176316
-0.984251	-1.04831e-08	-0.176777
-0.980441	0.0874627	-0.176316
-0.968918	0.174925	-0.174926
-0.949404	0.262388	-0.172584
-0.92139	0.349851	-0.169251
-0.884068	0.437313	-0.164867
-0.836193	0.524776	-0.159345
-0.775815	0.612239	-0.152561
-0.699703	0.699702	-0.144338
-0.690336	-0.690334	-0.216506
-0.76339	-0.604043	-0.228841
-0.821465	-0.517751	-0.239017
-0.867575	-0.431459	-0.2473
-0.903552	-0.345167	-0.253876
-0.930574	-0.258875	-0.258876
-0.949404	-0.172584	-0.262388
-0.960525	-0.0862918	-0.264474
-0.964203	-1.78866e-08	-0.265165
-0.960525	0.0862918	-0.264474
-0.949404	0.172584	-0.262388
-0.930574	0.258875	-0.258876
-0.903552	0.345167	-0.253876
-0.867575	0.431459	-0.2473
-0.821465	0.517751	-0.239017
-0.76339	0.604043	-0.228841
-0.690336	0.690334	-0.216507
-0.677004	-0.677003	-0.288675
-0.745647	-0.592377	-0.305121
-0.800391	-0.507752	-0.318689
-0.843943	-0.423127	-0.329733
-0.877971	-0.338501	-0.338502
-0.903552	-0.253876	-0.345168
-0.92139	-0.169251	-0.349851
-0.931928	-0.0846253	-0.352631
-0.935415	-2.49393e-08	-0.353553
-0.931928	0.0846253	-0.352631
-0.92139	0.169251	-0.349851
-0.903552	0.253876	-0.345168
-0.877972	0.338501	-0.338502
-0.843943	0.423127	-0.329733
-0.800391	0.507752	-0.318689
-0.745648	0.592377	-0.305121
-0.677004	0.677003	-0.288675
-0.659467	-0.659466	-0.360844
-0.722196	-0.577033	-0.381402
-0.772451	-0.494599	-0.398361
-0.81255	-0.412166	-0.412166
-0.843943	-0.329733	-0.423127
-0.867575	-0.2473	-0.431459
-0.884068	-0.164866	-0.437314
-0.893818	-0.0824332	-0.440789
-0.897044	-3.14999e-08	-0.441942
-0.893818	0.0824332	-0.440789
-0.884068	0.164866	-0.437314
-0.867575	0.2473	-0.431459
-0.843943	0.329733	-0.423127
-0.81255	0.412166	-0.412166
-0.772451	0.494599	-0.398361
-0.722196	0.577032	-0.381402
-0.659467	0.659466	-0.360844
-0.637378	-0.637377	-0.433013
-0.692454	-0.557705	-0.457682
-0.736864	-0.478033	-0.478033
-0.772451	-0.398361	-0.4946
-0.800391	-0.318688	-0.507752
-0.821465	-0.239016	-0.517751
-0.836193	-0.159344	-0.524777
-0.844907	-0.0796722	-0.528947
-0.847791	-3.74099e-08	-0.53033
-0.844907	0.0796721	-0.528947
-0.836193	0.159344	-0.524777
-0.821465	0.239016	-0.517751
-0.800391	0.318688	-0.507752
-0.772451	0.39836	-0.4946
-0.736864	0.478033	-0.478033
-0.692454	0.557705	-0.457682
-0.637378	0.637377	-0.433013
-0.610243	-0.610242	-0.505182
-0.655568	-0.533962	-0.533962
-0.692454	-0.457682	-0.557705
-0.722195	-0.381401	-0.577033
-0.745647	-0.305121	-0.592378
-0.76339	-0.228841	-0.604043
-0.775815	-0.152561	-0.612239
-0.783175	-0.0762803	-0.617105
-0.785613	-4.24859e-08	-0.618718
-0.783175	0.0762802	-0.617105
-0.775815	0.15256	-0.612239
-0.76339	0.228841	-0.604043
-0.745647	0.305121	-0.592378
-0.722195	0.381401	-0.577033
-0.692454	0.457681	-0.557705
-0.655568	0.533962	-0.533962
-0.610243	0.610242	-0.505182
-0.577351	-0.57735	-0.57735
-0.610243	-0.505181	-0.610242
-0.637378	-0.433012	-0.637377
-0.659467	-0.360844	-0.659466
-0.677004	-0.288675	-0.677003
-0.690336	-0.216506	-0.690335
-0.699703	-0.144338	-0.699702
-0.705263	-0.0721688	-0.705263
-0.707107	-4.65051e-08	-0.707106
-0.705263	0.0721687	-0.705263
-0.699703	0.144337	-0.699702
-0.690336	0.216506	-0.690335
-0.677003	0.288675	-0.677003
-0.659467	0.360844	-0.659466
-0.637378	0.433012	-0.637377
-0.610243	0.505181	-0.610242
-0.577351	0.57735	-0.57735
0.57735	-0.57735	0.57735
0.610242	-0.610243	0.505181
0.610242	-0.505181	0.610242
0.655568	-0.533962	0.533962
0.637378	-0.433013	0.637377
0.692454	-0.457682	0.557705
0.659466	-0.360844	0.659466
0.722195	-0.381402	0.577033
0.677003	-0.288675	0.677003
0.745647	-0.305121	0.592378
0.690335	-0.216506	0.690335
0.763389	-0.228841	0.604043
0.699703	-0.144338	0.699702
0.775814	-0.152561	0.612239
0.705263	-0.0721687	0.705263
0.783175	-0.0762803	0.617105
0.707107	5.4442e-08	0.707107
0.785613	5.0875e-08	0.618718
0.705263	0.0721688	0.705263
0.783175	0.0762804	0.617105
0.699703	0.144338	0.699702
0.775814	0.152561	0.612239
0.690335	0.216506	0.690335
0.763389	0.228841	0.604043
0.677003	0.288675	0.677003
0.745647	0.305121	0.592378
0.659467	0.360844	0.659466
0.722195	0.381402	0.577033
0.637378	0.433013	0.637377
0.692454	0.457682	0.557705
0.610243	0.505182	0.610242
0.655568	0.533962	0.533962
0.57735	0.57735	0.57735
0.610242	0.610243	0.505181
0.637377	-0.637378	0.433013
0.692454	-0.557705	0.457682
0.736864	-0.478033	0.478033
0.77245	-0.398361	0.4946
0.80039	-0.318689	0.507752
0.821465	-0.239017	0.517751
0.836193	-0.159344	0.524777
0.844906	-0.0796722	0.528947
0.847791	4.6172e-08	0.53033
0.844906	0.0796722	0.528947
0.836193	0.159344	0.524777
0.821465	0.239017	0.517751
0.80039	0.318689	0.507752
0.77245	0.398361	0.494599
0.736864	0.478033	0.478033
0.692454	0.557705	0.457682
0.637377	0.637378	0.433012
0.659466	-0.659466	0.360844
0.722195	-0.577033	0.381401
0.77245	-0.4946	0.398361
0.81255	-0.412167	0.412166
0.843943	-0.329733	0.423127
0.867574	-0.2473	0.431459
0.884067	-0.164867	0.437314
0.893817	-0.0824333	0.440789
0.897043	4.05656e-08	0.441942
0.893817	0.0824334	0.440789
0.884067	0.164867	0.437314
0.867574	0.2473	0.431459
0.843943	0.329733	0.423127
0.81255	0.412167	0.412166
0.77245	0.4946	0.398361
0.722195	0.577033	0.381401
0.659466	0.659467	0.360844
0.677003	-0.677003	0.288675
0.745647	-0.592378	0.305121
0.80039	-0.507752	0.318689
0.843942	-0.423127	0.329733
0.877971	-0.338502	0.338501
0.903552	-0.253876	0.345167
0.921389	-0.169251	0.349851
0.931927	-0.0846254	0.352631
0.935414	3.42461e-08	0.353553
0.931927	0.0846255	0.352631
0.921389	0.169251	0.349851
0.903552	0.253876	0.345167
0.877971	0.338502	0.338501
0.843942	0.423127	0.329733
0.80039	0.507753	0.318688
0.745647	0.592378	0.305121
0.677003	0.677003	0.288675
0.690335	-0.690335	0.216506
0.763389	-0.604043	0.228841
0.821465	-0.517751	0.239016
0.867574	-0.431459	0.2473
0.903551	-0.345168	0.253876
0.930573	-0.258876	0.258875
0.949403	-0.172584	0.262388
0.960524	-0.0862919	0.264473
0.964202	2.73767e-08	0.265165
0.960524	0.0862919	0.264473
0.949403	0.172584	0.262388
0.930573	0.258876	0.258875
0.903551	0.345168	0.253876
0.867574	0.43146	0.2473
0.821465	0.517751	0.239016
0.763389	0.604043	0.228841
0.690335	0.690335	0.216506
0.699702	-0.699703	0.144337
0.775814	-0.61224	0.15256
0.836193	-0.524777	0.159344
0.884067	-0.437314	0.164866
0.921389	-0.349851	0.169251
0.949403	-0.262388	0.172584
0.968917	-0.174926	0.174925
0.980439	-0.0874628	0.176316
0.98425	2.01019e-08	0.176776
0.980439	0.0874628	0.176315
0.968917	0.174926	0.174925
0.949403	0.262388	0.172583
0.921389	0.349851	0.169251
0.884067	0.437314	0.164866
0.836193	0.524777	0.159344
0.775814	0.61224	0.15256
0.699702	0.699703	0.144337
0.705263	-0.705263	0.0721686
0.783174	-0.617105	0.0762801
0.844906	-0.528947	0.079672
0.893817	-0.440789	0.0824331
0.931927	-0.352632	0.0846252
0.960524	-0.264474	0.0862916
0.980439	-0.176316	0.0874625
0.992197	-0.0881579	0.0881576
0.996085	1.25546e-08	0.0883881
0.992197	0.0881579	0.0881576
0.980439	0.176316	0.0874625
0.960524	0.264474	0.0862916
0.931927	0.352632	0.0846251
0.893817	0.440789	0.082433
0.844906	0.528947	0.0796719
0.783174	0.617105	0.07628
0.705263	0.705263	0.0721685
0.707107	-0.707107	-1.96708e-07
0.785613	-0.618719	-2.14583e-07
0.847791	-0.53033	-2.3109e-07
0.897043	-0.441942	-2.46305e-07
0.935414	-0.353553	-2.60253e-07
0.964202	-0.265165	-2.72922e-07
0.98425	-0.176777	-2.84271e-07
0.996085	-0.0883884	-2.94237e-07
0.999999	4.8603e-09	-3.02734e-07
0.996085	0.0883884	-3.09652e-07
0.98425	0.176777	-3.14856e-07
0.964202	0.265165	-3.18185e-07
0.935414	0.353553	-3.19438e-07
0.897043	0.441942	-3.1837e-07
0.847791	0.53033	-3.14672e-07
0.785613	0.618719	-3.07944e-07
0.707107	0.707107	-2.97655e-07
0.705263	-0.705263	-0.072169
0.783174	-0.617105	-0.0762805
0.844906	-0.528947	-0.0796724
0.893817	-0.440789	-0.0824336
0.931927	-0.352632	-0.0846257
0.960524	-0.264474	-0.0862922
0.980439	-0.176316	-0.0874631
0.992197	-0.0881579	-0.0881582
0.996085	-2.85938e-09	-0.0883887
0.992197	0.0881579	-0.0881582
0.980439	0.176316	-0.0874631
0.960524	0.264474	-0.0862922
0.931927	0.352632	-0.0846257
0.893817	0.440789	-0.0824336
0.844906	0.528947	-0.0796725
0.783174	0.617105	-0.0762806
0.705263	0.705263	-0.0721691
0.699702	-0.699703	-0.144338
0.775814	-0.61224	-0.152561
0.836192	-0.524777	-0.159345
0.884067	-0.437314	-0.164867
0.921389	-0.349851	-0.169251
0.949403	-0.262388	-0.172584
0.968917	-0.174926	-0.174926
0.980439	-0.0874628	-0.176316
0.98425	-1.04831e-08	-0.176777
0.980439	0.0874628	-0.176316
0.968917	0.174926	-0.174926
0.949403	0.262388	-0.172584
0.921389	0.349851	-0.169251
0.884067	0.437314	-0.164867
0.836192	0.524777	-0.159345
0.775814	0.61224	-0.152561
0.699702	0.699703	-0.144338
0.690335	-0.690335	-0.216507
0.763389	-0.604043	-0.228841
0.821464	-0.517751	-0.239017
0.867574	-0.431459	-0.2473
0.903551	-0.345168	-0.253877
0.930573	-0.258876	-0.258876
0.949403	-0.172584	-0.262389
0.960524	-0.0862919	-0.264474
0.964202	-1.78866e-08	-0.265165
0.960524	0.0862919	-0.264474
0.949403	0.172584	-0.262389
0.930573	0.258876	-0.258876
0.903551	0.345168	-0.253877
0.867574	0.431459	-0.2473
0.821464	0.517751	-0.239017
0.763389	0.604043	-0.228841
0.690335	0.690335	-0.216507
0.677003	-0.677003	-0.288675
0.745647	-0.592378	-0.305121
0.80039	-0.507753	-0.318689
0.843942	-0.423127	-0.329733
0.877971	-0.338502	-0.338502
0.903551	-0.253876	-0.345168
0.921389	-0.169251	-0.349852
0.931927	-0.0846254	-0.352632
0.935414	-2.49394e-08	-0.353554
0.931927	0.0846254	-0.352632
0.921389	0.169251	-0.349852
0.903551	0.253876	-0.345168
0.877971	0.338502	-0.338502
0.843942	0.423127	-0.329734
0.80039	0.507752	-0.318689
0.745647	0.592378	-0.305122
0.677003	0.677003	-0.288675
0.659466	-0.659466	-0.360844
0.722195	-0.577033	-0.381402
0.77245	-0.4946	-0.398361
0.812549	-0.412167	-0.412167
0.843942	-0.329733	-0.423127
0.867574	-0.2473	-0.43146
0.884067	-0.164867	-0.437314
0.893817	-0.0824333	-0.44079
0.897043	-3.14999e-08	-0.441942
0.893817	0.0824333	-0.44079
0.884067	0.164867	-0.437314
0.867574	0.2473	-0.43146
0.843942	0.329733	-0.423127
0.812549	0.412166	-0.412167
0.77245	0.4946	-0.398361
0.722195	0.577033	-0.381402
0.659466	0.659466	-0.360844
0.637377	-0.637377	-0.433013
0.692453	-0.557705	-0.457682
0.736864	-0.478033	-0.478033
0.77245	-0.398361	-0.4946
0.80039	-0.318689	-0.507753
0.821464	-0.239017	-0.517752
0.836192	-0.159344	-0.524777
0.844906	-0.0796722	-0.528948
0.847791	-3.741e-08	-0.530331
0.844906	0.0796722	-0.528948
0.836192	0.159344	-0.524777
0.821464	0.239016	-0.517752
0.80039	0.318689	-0.507753
0.77245	0.398361	-0.4946
0.736864	0.478033	-0.478034
0.692453	0.557705	-0.457682
0.637377	0.637377	-0.433013
0.610242	-0.610242	-0.505182
0.655567	-0.533962	-0.533962
0.692453	-0.457682	-0.557706
0.722195	-0.381402	-0.577033
0.745647	-0.305121	-0.592378
0.763389	-0.228841	-0.604044
0.775814	-0.152561	-0.61224
0.783174	-0.0762803	-0.617106
0.785612	-4.24859e-08	-0.618719
0.783174	0.0762803	-0.617106
0.775814	0.152561	-0.61224
0.763389	0.228841	-0.604044
0.745646	0.305121	-0.592378
0.722195	0.381401	-0.577034
0.692453	0.457682	-0.557706
0.655567	0.533962	-0.533963
0.610242	0.610242	-0.505182
0.57735	-0.57735	-0.577351
0.610242	-0.505181	-0.610243
0.637377	-0.433013	-0.637378
0.659466	-0.360844	-0.659467
0.677003	-0.288675	-0.677004
0.690335	-0.216506	-0.690336
0.699702	-0.144338	-0.699703
0.705262	-0.0721688	-0.705263
0.707106	-4.65051e-08	-0.707107
0.705262	0.0721687	-0.705263
0.699702	0.144338	-0.699703
0.690335	0.216506	-0.690336
0.677003	0.288675	-0.677004
0.659466	0.360844	-0.659467
0.637377	0.433013	-0.637378
0.610242	0.505181	-0.610243
0.57735	0.57735	-0.577351
-0.57735	-0.57735	0.577351
-0.505181	-0.610242	0.610243
-0.610242	-0.505181	0.610243
-0.533962	-0.533962	0.655568
-0.637377	-0.433013	0.637378
-0.557705	-0.457682	0.692454
-0.659466	-0.360844	0.659467
-0.577033	-0.381401	0.722195
-0.677003	-0.288675	0.677004
-0.592377	-0.305121	0.745647
-0.690335	-0.216506	0.690336
-0.604043	-0.228841	0.76339
-0.699702	-0.144338	0.699703
-0.612239	-0.152561	0.775815
-0.705263	-0.0721688	0.705263
-0.617105	-0.0762803	0.783175
-0.707106	3.96845e-09	0.707107
-0.618718	4.19454e-09	0.785613
-0.705263	0.0721688	0.705263
-0.617105	0.0762803	0.783175
-0.699702	0.144338	0.699703
-0.612239	0.152561	0.775815
-0.690335	0.216506	0.690336
-0.604043	0.228841	0.76339
-0.677003	0.288675	0.677004
-0.592377	0.305121	0.745647
-0.659466	0.360844	0.659467
-0.577033	0.381401	0.722195
-0.637377	0.433013	0.637378
-0.557705	0.457682	0.692454
-0.610242	0.505181	0.610243
-0.533962	0.533962	0.655568
-0.57735	0.57735	0.577351
-0.505181	0.610242	0.610243
-0.433013	-0.637377	0.637378
-0.457682	-0.557705	0.692454
-0.478033	-0.478033	0.736864
-0.494599	-0.398361	0.772451
-0.507752	-0.318689	0.800391
-0.517751	-0.239016	0.821465
-0.524776	-0.159344	0.836193
-0.528947	-0.0796721	0.844907
-0.53033	4.38105e-09	0.847792
-0.528947	0.0796722	0.844907
-0.524776	0.159344	0.836193
-0.517751	0.239016	0.821465
-0.507752	0.318689	0.800391
-0.494599	0.398361	0.772451
-0.478033	0.478033	0.736864
-0.457682	0.557705	0.692454
-0.433013	0.637377	0.637378
-0.360844	-0.659466	0.659467
-0.381401	-0.577033	0.722195
-0.398361	-0.4946	0.772451
-0.412166	-0.412166	0.81255
-0.423127	-0.329733	0.843943
-0.431459	-0.2473	0.867575
-0.437314	-0.164866	0.884068
-0.440789	-0.0824332	0.893818
-0.441941	4.53288e-09	0.897044
-0.440789	0.0824333	0.893818
-0.437314	0.164866	0.884068
-0.431459	0.2473	0.867575
-0.423127	0.329733	0.843943
-0.412166	0.412166	0.81255
-0.398361	0.4946	0.772451
-0.381401	0.577033	0.722195
-0.360844	0.659466	0.659467
-0.288675	-0.677003	0.677004
-0.305121	-0.592377	0.745647
-0.318688	-0.507752	0.800391
-0.329733	-0.423127	0.843943
-0.338501	-0.338501	0.877971
-0.345167	-0.253876	0.903552
-0.349851	-0.169251	0.92139
-0.352631	-0.0846253	0.931928
-0.353553	4.65342e-09	0.935415
-0.352631	0.0846254	0.931928
-0.349851	0.169251	0.92139
-0.345167	0.253876	0.903552
-0.338501	0.338501	0.877971
-0.329733	0.423127	0.843943
-0.318688	0.507752	0.800391
-0.305121	0.592377	0.745647
-0.288675	0.677003	0.677004
-0.216506	-0.690335	0.690336
-0.228841	-0.604043	0.76339
-0.239016	-0.517751	0.821465
-0.2473	-0.431459	0.867575
-0.253876	-0.345167	0.903552
-0.258875	-0.258876	0.930574
-0.262388	-0.172584	0.949404
-0.264473	-0.0862918	0.960525
-0.265165	4.74506e-09	0.964203
-0.264473	0.0862918	0.960525
-0.262388	0.172584	0.949404
-0.258875	0.258876	0.930574
-0.253876	0.345167	0.903552
-0.2473	0.431459	0.867575
-0.239016	0.517751	0.821465
-0.228841	0.604043	0.76339
-0.216506	0.690335	0.690336
-0.144337	-0.699702	0.699703
-0.15256	-0.612239	0.775815
-0.159344	-0.524776	0.836193
-0.164866	-0.437314	0.884068
-0.169251	-0.349851	0.92139
-0.172584	-0.262388	0.949404
-0.174925	-0.174925	0.968918
-0.176316	-0.0874627	0.98044
-0.176777	4.80944e-09	0.984251
-0.176316	0.0874627	0.98044
-0.174925	0.174925	0.968918
-0.172584	0.262388	0.949404
-0.169251	0.349851	0.92139
-0.164866	0.437314	0.884068
-0.159344	0.524776	0.836193
-0.15256	0.612239	0.775815
-0.144337	0.699702	0.699703
-0.0721687	-0.705262	0.705263
-0.0762802	-0.617105	0.783175
-0.0796721	-0.528947	0.844907
-0.0824332	-0.440789	0.893818
-0.0846253	-0.352631	0.931928
-0.0862917	-0.264473	0.960525
-0.0874627	-0.176316	0.98044
-0.0881577	-0.0881578	0.992198
-0.0883882	4.84766e-09	0.996086
-0.0881577	0.0881578	0.992198
-0.0874627	0.176316	0.98044
-0.0862917	0.264473	0.960525
-0.0846253	0.352631	0.931928
-0.0824332	0.440789	0.893818
-0.0796721	0.528947	0.844907
-0.0762802	0.617105	0.783175
-0.0721687	0.705262	0.705263
7.47079e-08	-0.707106	0.707107
7.89641e-08	-0.618718	0.785613
8.24753e-08	-0.53033	0.847791
8.53335e-08	-0.441941	0.897044
8.76028e-08	-0.353553	0.935415
8.93279e-08	-0.265165	0.964203
9.054e-08	-0.176777	0.984251
9.12595e-08	-0.0883883	0.996086
9.14981e-08	4.86034e-09	1
9.12595e-08	0.0883883	0.996086
9.054e-08	0.176777	0.984251
8.93279e-08	0.265165	0.964203
8.76028e-08	0.353553	0.935415
8.53335e-08	0.441941	0.897044
8.24753e-08	0.53033	0.847791
7.89641e-08	0.618718	0.785613
7.47079e-08	0.707106	0.707107
0.0721688	-0.705263	0.705263
0.0762803	-0.617105	0.783175
0.0796722	-0.528947	0.844907
0.0824333	-0.440789	0.893818
0.0846254	-0.352631	0.931928
0.0862919	-0.264473	0.960525
0.0874628	-0.176316	0.98044
0.0881579	-0.0881578	0.992198
0.0883884	4.84766e-09	0.996086
0.0881579	0.0881578	0.992198
0.0874628	0.176316	0.98044
0.0862919	0.264473	0.960525
0.0846254	0.352631	0.931928
0.0824333	0.440789	0.893818
0.0796722	0.528947	0.844907
0.0762803	0.617105	0.783175
0.0721688	0.705263	0.705263
0.144338	-0.699702	0.699703
0.152561	-0.612239	0.775815
0.159344	-0.524776	0.836193
0.164867	-0.437314	0.884068
0.169251	-0.349851	0.92139
0.172584	-0.262388	0.949404
0.174926	-0.174925	0.968918
0.176316	-0.0874627	0.98044
0.176777	4.80944e-09	0.984251
0.176316	0.0874627	0.98044
0.174926	0.174925	0.968918
0.172584	0.262388	0.949404
0.169251	0.349851	0.92139
0.164867	0.437314	0.884068
0.159344	0.524776	0.836193
0.152561	0.612239	0.775815
0.144338	0.699702	0.699703
0.216506	-0.690335	0.690335
0.228841	-0.604043	0.76339
0.239017	-0.517751	0.821465
0.2473	-0.431459	0.867575
0.253876	-0.345167	0.903552
0.258876	-0.258875	0.930574
0.262388	-0.172584	0.949404
0.264474	-0.0862918	0.960525
0.265165	4.74506e-09	0.964203
0.264474	0.0862918	0.960525
0.262388	0.172584	0.949404
0.258876	0.258875	0.930574
0.253876	0.345167	0.903552
0.2473	0.431459	0.867575
0.239017	0.517751	0.821465
0.228841	0.604043	0.76339
0.216506	0.690335	0.690335
0.288675	-0.677003	0.677004
0.305121	-0.592377	0.745647
0.318689	-0.507752	0.800391
0.329733	-0.423127	0.843943
0.338501	-0.338501	0.877971
0.345167	-0.253876	0.903552
0.349851	-0.169251	0.92139
0.352631	-0.0846253	0.931928
0.353553	4.65342e-09	0.935414
0.352631	0.0846254	0.931928
0.349851	0.169251	0.92139
0.345167	0.253876	0.903552
0.338501	0.338501	0.877971
0.329733	0.423127	0.843943
0.318689	0.507752	0.800391
0.305121	0.592377	0.745647
0.288675	0.677003	0.677004
0.360844	-0.659466	0.659467
0.381401	-0.577033	0.722195
0.398361	-0.4946	0.772451
0.412166	-0.412166	0.81255
0.423127	-0.329733	0.843943
0.431459	-0.2473	0.867575
0.437314	-0.164866	0.884068
0.440789	-0.0824332	0.893818
0.441942	4.53288e-09	0.897044
0.440789	0.0824333	0.893818
0.437314	0.164866	0.884068
0.431459	0.2473	0.867575
0.423127	0.329733	0.843943
0.412166	0.412166	0.81255
0.398361	0.4946	0.772451
0.381401	0.577033	0.722195
0.360844	0.659466	0.659467
0.433013	-0.637377	0.637378
0.457682	-0.557705	0.692454
0.478033	-0.478033	0.736864
0.4946	-0.398361	0.772451
0.507752	-0.318689	0.800391
0.517751	-0.239016	0.821465
0.524777	-0.159344	0.836193
0.528947	-0.0796721	0.844907
0.53033	4.38105e-09	0.847791
0.528947	0.0796721	0.844907
0.524777	0.159344	0.836193
0.517751	0.239016	0.821465
0.507752	0.318689	0.800391
0.4946	0.398361	0.772451
0.478033	0.478033	0.736864
0.457682	0.557705	0.692454
0.433013	0.637377	0.637378
0.505181	-0.610242	0.610243
0.533962	-0.533962	0.655568
0.557705	-0.457682	0.692454
0.577033	-0.381401	0.722195
0.592378	-0.305121	0.745647
0.604043	-0.228841	0.76339
0.612239	-0.152561	0.775815
0.617105	-0.0762803	0.783175
0.618718	4.19454e-09	0.785613
0.617105	0.0762803	0.783175
0.612239	0.152561	0.775815
0.604043	0.228841	0.76339
0.592378	0.305121	0.745647
0.577033	0.381401	0.722195
0.557705	0.457682	0.692454
0.533962	0.533962	0.655568
0.505181	0.610242	0.610243
0.57735	-0.57735	0.577351
0.610242	-0.505181	0.610243
0.637377	-0.433013	0.637378
0.659466	-0.360844	0.659467
0.677003	-0.288675	0.677004
0.690335	-0.216506	0.690335
0.699702	-0.144338	0.699703
0.705263	-0.0721688	0.705263
0.707106	3.96845e-09	0.707107
0.705263	0.0721688	0.705263
0.699702	0.144338	0.699703
0.690335	0.216506	0.690335
0.677003	0.288675	0.677004
0.659466	0.360844	0.659467
0.637377	0.433013	0.637378
0.610242	0.505181	0.610243
0.57735	0.57735	0.577351
-0.57735	-0.57735	-0.57735
-0.505181	-0.610242	-0.610242
-0.610242	-0.505181	-0.610242
-0.533962	-0.533962	-0.655568
-0.637377	-0.433013	-0.637377
-0.557705	-0.457682	-0.692454
-0.659466	-0.360844	-0.659466
-0.577033	-0.381402	-0.722195
-0.677003	-0.288675	-0.677003
-0.592378	-0.305121	-0.745647
-0.690335	-0.216506	-0.690335
-0.604043	-0.228841	-0.76339
-0.699702	-0.144338	-0.699702
-0.612239	-0.152561	-0.775814
-0.705263	-0.0721688	-0.705263
-0.617105	-0.0762803	-0.783175
-0.707107	3.96845e-09	-0.707107
-0.618718	4.19454e-09	-0.785613
-0.705263	0.0721688	-0.705263
-0.617105	0.0762803	-0.783175
-0.699702	0.144338	-0.699702
-0.612239	0.152561	-0.775814
-0.690335	0.216506	-0.690335
-0.604043	0.228841	-0.76339
-0.677003	0.288675	-0.677003
-0.592378	0.305121	-0.745647
-0.659466	0.360844	-0.659466
-0.577033	0.381402	-0.722195
-0.637377	0.433013	-0.637377
-0.557705	0.457682	-0.692454
-0.610242	0.505181	-0.610242
-0.533962	0.533962	-0.655568
-0.57735	0.57735	-0.57735
-0.505181	0.610242	-0.610242
-0.433013	-0.637377	-0.637378
-0.457682	-0.557705	-0.692454
-0.478033	-0.478033	-0.736864
-0.4946	-0.398361	-0.77245
-0.507752	-0.318689	-0.80039
-0.517751	-0.239017	-0.821465
-0.524777	-0.159344	-0.836193
-0.528947	-0.0796722	-0.844906
-0.53033	4.38105e-09	-0.847791
-0.528947	0.0796722	-0.844906
-0.524777	0.159344	-0.836193
-0.517751	0.239017	-0.821465
-0.507752	0.318689	-0.80039
-0.4946	0.398361	-0.77245
-0.478033	0.478033	-0.736864
-0.457682	0.557705	-0.692454
-0.433013	0.637377	-0.637378
-0.360844	-0.659466	-0.659466
-0.381401	-0.577033	-0.722195
-0.398361	-0.4946	-0.77245
-0.412166	-0.412166	-0.81255
-0.423127	-0.329733	-0.843943
-0.431459	-0.2473	-0.867574
-0.437314	-0.164867	-0.884067
-0.440789	-0.0824333	-0.893817
-0.441942	4.53288e-09	-0.897043
-0.440789	0.0824333	-0.893817
-0.437314	0.164867	-0.884067
-0.431459	0.2473	-0.867574
-0.423127	0.329733	-0.843943
-0.412166	0.412166	-0.81255
-0.398361	0.4946	-0.77245
-0.381401	0.577033	-0.722195
-0.360844	0.659466	-0.659466
-0.288675	-0.677003	-0.677003
-0.305121	-0.592378	-0.745647
-0.318689	-0.507752	-0.80039
-0.329733	-0.423127	-0.843943
-0.338501	-0.338502	-0.877971
-0.345167	-0.253876	-0.903552
-0.349851	-0.169251	-0.921389
-0.352631	-0.0846254	-0.931928
-0.353553	4.65342e-09	-0.935414
-0.352631	0.0846254	-0.931928
-0.349851	0.169251	-0.921389
-0.345167	0.253876	-0.903552
-0.338501	0.338502	-0.877971
-0.329733	0.423127	-0.843943
-0.318689	0.507752	-0.80039
-0.305121	0.592378	-0.745647
-0.288675	0.677003	-0.677003
-0.216506	-0.690335	-0.690335
-0.228841	-0.604043	-0.763389
-0.239016	-0.517751	-0.821465
-0.2473	-0.431459	-0.867574
-0.253876	-0.345168	-0.903552
-0.258876	-0.258876	-0.930573
-0.262388	-0.172584	-0.949403
-0.264473	-0.0862919	-0.960524
-0.265165	4.74506e-09	-0.964203
-0.264473	0.0862919	-0.960524
-0.262388	0.172584	-0.949403
-0.258876	0.258876	-0.930573
-0.253876	0.345168	-0.903552
-0.2473	0.431459	-0.867574
-0.239016	0.517751	-0.821465
-0.228841	0.604043	-0.763389
-0.216506	0.690335	-0.690335
-0.144338	-0.699702	-0.699702
-0.152561	-0.61224	-0.775814
-0.159344	-0.524777	-0.836193
-0.164866	-0.437314	-0.884067
-0.169251	-0.349851	-0.921389
-0.172584	-0.262388	-0.949403
-0.174926	-0.174926	-0.968918
-0.176316	-0.0874628	-0.98044
-0.176777	4.80945e-09	-0.984251
-0.176316	0.0874628	-0.98044
-0.174926	0.174926	-0.968918
-0.172584	0.262388	-0.949403
-0.169251	0.349851	-0.921389
-0.164866	0.437314	-0.884067
-0.159344	0.524777	-0.836193
-0.152561	0.61224	-0.775814
-0.144338	0.699702	-0.699702
-0.0721687	-0.705263	-0.705263
-0.0762802	-0.617105	-0.783175
-0.0796721	-0.528947	-0.844906
-0.0824332	-0.440789	-0.893817
-0.0846253	-0.352631	-0.931928
-0.0862918	-0.264474	-0.960524
-0.0874627	-0.176316	-0.98044
-0.0881578	-0.0881579	-0.992197
-0.0883883	4.84767e-09	-0.996086
-0.0881578	0.0881579	-0.992197
-0.0874627	0.176316	-0.98044
-0.0862918	0.264474	-0.960524
-0.0846253	0.352631	-0.931928
-0.0824332	0.440789	-0.893817
-0.0796721	0.528947	-0.844906
-0.0762802	0.617105	-0.783175
-0.0721687	0.705263	-0.705263
7.47079e-08	-0.707107	-0.707107
7.89641e-08	-0.618718	-0.785613
8.24753e-08	-0.53033	-0.847791
8.53336e-08	-0.441942	-0.897043
8.76028e-08	-0.353553	-0.935414
8.93279e-08	-0.265165	-0.964203
9.054e-08	-0.176777	-0.984251
9.12596e-08	-0.0883883	-0.996086
9.14982e-08	4.86034e-09	-1
9.12596e-08	0.0883883	-0.996086
9.054e-08	0.176777	-0.984251
8.93279e-08	0.265165	-0.964203
8.76028e-08	0.353553	-0.935414
8.53336e-08	0.441942	-0.897043
8.24753e-08	0.53033	-0.847791
7.89641e-08	0.618718	-0.785613
7.47079e-08	0.707107	-0.707107
0.0721689	-0.705263	-0.705263
0.0762804	-0.617105	-0.783175
0.0796723	-0.528947	-0.844906
0.0824334	-0.440789	-0.893817
0.0846255	-0.352631	-0.931928
0.086292	-0.264474	-0.960524
0.0874629	-0.176316	-0.98044
0.088158	-0.0881579	-0.992197
0.0883884	4.84767e-09	-0.996086
0.088158	0.0881579	-0.992197
0.0874629	0.176316	-0.98044
0.086292	0.264474	-0.960524
0.0846255	0.352631	-0.931928
0.0824334	0.440789	-0.893817
0.0796723	0.528947	-0.844906
0.0762804	0.617105	-0.783175
0.0721689	0.705263	-0.705263
0.144338	-0.699702	-0.699702
0.152561	-0.612239	-0.775814
0.159344	-0.524777	-0.836193
0.164867	-0.437314	-0.884067
0.169251	-0.349851	-0.921389
0.172584	-0.262388	-0.949403
0.174926	-0.174926	-0.968918
0.176316	-0.0874628	-0.98044
0.176777	4.80945e-09	-0.98425
0.176316	0.0874628	-0.98044
0.174926	0.174926	-0.968918
0.172584	0.262388	-0.949403
0.169251	0.349851	-0.921389
0.164867	0.437314	-0.884067
0.159344	0.524777	-0.836193
0.152561	0.612239	-0.775814
0.144338	0.699702	-0.699702
0.216506	-0.690335	-0.690335
0.228841	-0.604043	-0.763389
0.239017	-0.517751	-0.821465
0.2473	-0.431459	-0.867574
0.253876	-0.345168	-0.903552
0.258876	-0.258876	-0.930573
0.262388	-0.172584	-0.949403
0.264474	-0.0862919	-0.960524
0.265165	4.74506e-09	-0.964203
0.264474	0.0862919	-0.960524
0.262388	0.172584	-0.949403
0.258876	0.258876	-0.930573
0.253876	0.345168	-0.903552
0.2473	0.431459	-0.867574
0.239017	0.517751	-0.821465
0.228841	0.604043	-0.763389
0.216506	0.690335	-0.690335
0.288675	-0.677003	-0.677003
0.305121	-0.592378	-0.745647
0.318689	-0.507752	-0.80039
0.329733	-0.423127	-0.843943
0.338502	-0.338502	-0.877971
0.345168	-0.253876	-0.903552
0.349851	-0.169251	-0.921389
0.352632	-0.0846254	-0.931928
0.353553	4.65342e-09	-0.935414
0.352632	0.0846254	-0.931928
0.349851	0.169251	-0.921389
0.345168	0.253876	-0.903552
0.338502	0.338502	-0.877971
0.329733	0.423127	-0.843943
0.318689	0.507752	-0.80039
0.305121	0.592378	-0.745647
0.288675	0.677003	-0.677003
0.360844	-0.659466	-0.659466
0.381402	-0.577033	-0.722195
0.398361	-0.4946	-0.77245
0.412167	-0.412166	-0.81255
0.423127	-0.329733	-0.843943
0.431459	-0.2473	-0.867574
0.437314	-0.164867	-0.884067
0.440789	-0.0824333	-0.893817
0.441942	4.53288e-09	-0.897043
0.440789	0.0824333	-0.893817
0.437314	0.164867	-0.884067
0.431459	0.2473	-0.867574
0.423127	0.329733	-0.843943
0.412167	0.412166	-0.81255
0.398361	0.4946	-0.77245
0.381402	0.577033	-0.722195
0.360844	0.659466	-0.659466
0.433013	-0.637377	-0.637377
0.457682	-0.557705	-0.692454
0.478033	-0.478033	-0.736864
0.4946	-0.398361	-0.77245
0.507752	-0.318689	-0.80039
0.517751	-0.239017	-0.821465
0.524777	-0.159344	-0.836193
0.528947	-0.0796722	-0.844906
0.53033	4.38105e-09	-0.847791
0.528947	0.0796722	-0.844906
0.524777	0.159344	-0.836193
0.517751	0.239017	-0.821465
0.507752	0.318689	-0.80039
0.4946	0.398361	-0.77245
0.478033	0.478033	-0.736864
0.457682	0.557705	-0.692454
0.433013	0.637377	-0.637377
0.505182	-0.610242	-0.610242
0.533962	-0.533962	-0.655568
0.557705	-0.457682	-0.692454
0.577033	-0.381401	-0.722195
0.592378	-0.305121	-0.745647
0.604043	-0.228841	-0.763389
0.61224	-0.152561	-0.775814
0.617105	-0.0762803	-0.783175
0.618719	4.19454e-09	-0.785613
0.617105	0.0762803	-0.783175
0.61224	0.152561	-0.775814
0.604043	0.228841	-0.763389
0.592378	0.305121	-0.745647
0.577033	0.381401	-0.722195
0.557705	0.457682	-0.692454
0.533962	0.533962	-0.655568
0.505182	0.610242	-0.610242
0.57735	-0.57735	-0.57735
0.610242	-0.505181	-0.610242
0.637378	-0.433013	-0.637377
0.659466	-0.360844	-0.659466
0.677003	-0.288675	-0.677003
0.690335	-0.216506	-0.690335
0.699702	-0.144338	-0.699702
0.705263	-0.0721688	-0.705263
0.707107	3.96845e-09	-0.707107
0.705263	0.0721688	-0.705263
0.699702	0.144338	-0.699702
0.690335	0.216506	-0.690335
0.677003	0.288675	-0.677003
0.659466	0.360844	-0.659466
0.637378	0.433013	-0.637377
0.610242	0.505181	-0.610242
0.57735	0.57735	-0.57735

0	1	2
1	3	2
2	3	4
3	5	4
4	5	6
5	7	6
6	7	8
7	9	8
8	9	10
9	11	10
10	11	12
11	13	12
12	13	14
13	15	14
14	15	16
15	17	16
16	17	18
17	19	18
18	19	20
19	21	20
20	21	22
21	23	22
22	23	24
23	25	24
24	25	26
25	27	26
26	27	28
27	29	28
28	29	30
29	31	30
30	31	32
31	33	32
1	34	3
34	35	3
3	35	5
35	36	5
5	36	7
36	37	7
7	37	9
37	38	9
9	38	11
38	39	11
11	39	13
39	40	13
13	40	15
40	41	15
15	41	17
41	42	17
17	42	19
42	43	19
19	43	21
43	44	21
21	44	23
44	45	23
23	45	25
45	46	25
25	46	27
46	47	27
27	47	29
47	48	29
29	48	31
48	49	31
31	49	33
49	50	33
34	51	35
51	52	35
35	52	36
52	53	36
36	53	37
53	54	37
37	54	38
54	55	38
38	55	39
55	56	39
39	56	40
56	57	40
40	57	41
57	58	41
41	58	42
58	59	42
42	59	43
59	60	43
43	60	44
60	61	44
44	61	45
61	62	45
45	62	46
62	63	46
46	63	47
63	64	47
47	64	48
64	65	48
48	65	49
65	66	49
49	66	50
66	67	50
51	68	52
68	69	52
52	69	53
69	70	53
53	70	54
70	71	54
54	71	55
71	72	55
55	72	56
72	73	56
56	73	57
73	74	57
57	74	58
74	75	58
58	75	59
75	76	59
59	76	60
76	77	60
60	77	61
77	78	61
61	78	62
78	79	62
62	79	63
79	80	63
63	80	64
80	81	64
64	81	65
81	82	65
65	82	66
82	83	66
66	83	67
83	84	67
68	85	69
85	86	69
69	86	70
86	87	70
70	87	71
87	88	71
71	88	72
88	89	72
72	89	73
89	90	73
73	90	74
90	91	74
74	91	75
91	92	75
75	92	76
92	93	76
76	93	77
93	94	77
77	94	78
94	95	78
78	95	79
95	96	79
79	96	80
96	97	80
80	97	81
97	98	81
81	98	82
98	99	82
82	99	83
99	100	83
83	100	84
100	101	84
85	102	86
102	103	86
86	103	87
103	104	87
87	104	88
104	105	88
88	105	89
105	106	89
89	106	90
106	107	90
90	107	91
107	108	91
91	108	92
108	109	92
92	109	93
109	110	93
93	110	94
110	111	94
94	111	95
111	112	95
95	112	96
112	113	96
96	113	97
113	114	97
97	114	98
114	115	98
98	115	99
115	116	99
99	116	100
116	117	100
100	117	101
117	118	101
102	119	103
119	120	103
103	120	104
120	121	104
104	121	105
121	122	105
105	122	106
122	123	106
106	123	107
123	124	107
107	124	108
124	125	108
108	125	109
125	126	109
109	126	110
126	127	110
110	127	111
127	128	111
111	128	112
128	129	112
112	129	113
129	130	113
113	130	114
130	131	114
114	131	115
131	132	115
115	132	116
132	133	116
116	133	117
133	134	117
117	134	118
134	135	118
119	136	120
136	137	120
120	137	121
137	138	121
121	138	122
138	139	122
122	139	123
139	140	123
123	140	124
140	141	124
124	141	125
141	142	125
125	142	126
142	143	126
126	143	127
143	144	127
127	144	128
144	145	128
128	145	129
145	146	129
129	146	130
146	147	130
130	147	131
147	148	131
131	148	132
148	149	132
132	149	133
149	150	133
133	150	134
150	151	134
134	151	135
151	152	135
136	153	137
153	154	137
137	154	138
154	155	138
138	155	139
155	156	139
139	156	140
156	157	140
140	157	141
157	158	141
141	158	142
158	159	142
142	159	143
159	160	143
143	160	144
160	161	144
144	161	145
161	162	145
145	162	146
162	163	146
146	163	147
163	164	147
147	164	148
164	165	148
148	165	149
165	166	149
149	166	150
166	167	150
150	167	151
167	168	151
151	168	152
168	169	152
153	170	154
170	171	154
154	171	155
171	172	155
155	172	156
172	173	156
156	173	157
173	174	157
157	174	158
174	175	158
158	175	159
175	176	159
159	176	160
176	177	160
160	177	161
177	178	161
161	178	162
178	179	162
162	179	163
179	180	163
163	180	164
180	181	164
164	181	165
181	182	165
165	182	166
182	183	166
166	183	167
183	184	167
167	184	168
184	185	168
168	185	169
185	186	169
170	187	171
187	188	171
171	188	172
188	189	172
172	189	173
189	190	173
173	190	174
190	191	174
174	191	175
191	192	175
175	192	176
192	193	176
176	193	177
193	194	177
177	194	178
194	195	178
178	195	179
195	196	179
179	196	180
196	197	180
180	197	181
197	198	181
181	198	182
198	199	182
182	199	183
199	200	183
183	200	184
200	201	184
184	201	185
201	202	185
185	202	186
202	203	186
187	204	188
204	205	188
188	205	189
205	206	189
189	206	190
206	207	190
190	207	191
207	208	191
191	208	192
208	209	192
192	209	193
209	210	193
193	210	194
210	211	194
194	211	195
211	212	195
195	212	196
212	213	196
196	213	197
213	214	197
197	214	198
214	215	198
198	215	199
215	216	199
199	216	200
216	217	200
200	217	201
217	218	201
201	218	202
218	219	202
202	219	203
219	220	203
204	221	205
221	222	205
205	222	206
222	223	206
206	223	207
223	224	207
207	224	208
224	225	208
208	225	209
225	226	209
209	226	210
226	227	210
210	227	211
227	228	211
211	228	212
228	229	212
212	229	213
229	230	213
213	230	214
230	231	214
214	231	215
231	232	215
215	232	216
232	233	216
216	233	217
233	234	217
217	234	218
234	235	218
218	235	219
235	236	219
219	236	220
236	237	220
221	238	222
238	239	222
222	239	223
239	240	223
223	240	224
240	241	224
224	241	225
241	242	225
225	242	226
242	243	226
226	243	227
243	244	227
227	244	228
244	245	228
228	245	229
245	246	229
229	246	230
246	247	230
230	247	231
247	248	231
231	248	232
248	249	232
232	249	233
249	250	233
233	250	234
250	251	234
234	251	235
251	252	235
235	252	236
252	253	236
236	253	237
253	254	237
238	255	239
255	256	239
239	256	240
256	257	240
240	257	241
257	258	241
241	258	242
258	259	242
242	259	243
259	260	243
243	260	244
260	261	244
244	261	245
261	262	245
245	262	246
262	263	246
246	263	247
263	264	247
247	264	248
264	265	248
248	265	249
265	266	249
249	266	250
266	267	250
250	267	251
267	268	251
251	268	252
268	269	252
252	269	253
269	270	253
253	270	254
270	271	254
255	272	256
272	273	256
256	273	257
273	274	257
257	274	258
274	275	258
258	275	259
275	276	259
259	276	260
276	277	260
260	277	261
277	278	261
261	278	262
278	279	262
262	279	263
279	280	263
263	280	264
280	281	264
264	281	265
281	282	265
265	282	266
282	283	266
266	283	267
283	284	267
267	284	268
284	285	268
268	285	269
285	286	269
269	286	270
286	287	270
270	287	271
287	288	271
289	290	291
290	292	291
291	292	293
292	294	293
293	294	295
294	296	295
295	296	297
296	298	297
297	298	299
298	300	299
299	300	301
300	302	301
301	302	303
302	304	303
303	304	305
304	306	305
305	306	307
306	308	307
307	308	309
308	310	309
309	310	311
310	312	311
311	312	313
312	314	313
313	314	315
314	316	315
315	316	317
316	318	317
317	318	319
318	320	319
319	320	321
320	322	321
290	323	292
323	324	292
292	324	294
324	325	294
294	325	296
325	326	296
296	326	298
326	327	298
298	327	300
327	328	300
300	328	302
328	329	302
302	329	304
329	330	304
304	330	306
330	331	306
306	331	308
331	332	308
308	332	310
332	333	310
310	333	312
333	334	312
312	334	314
334	335	314
314	335	316
335	336	316
316	336	318
336	337	318
318	337	320
337	338	320
320	338	322
338	339	322
323	340	324
340	341	324
324	341	325
341	342	325
325	342	326
342	343	326
326	343	327
343	344	327
327	344	328
344	345	328
328	345	329
345	346	329
329	346	330
346	347	330
330	347	331
347	348	331
331	348	332
348	349	332
332	349	333
349	350	333
333	350	334
350	351	334
334	351	335
351	352	335
335	352	336
352	353	336
336	353	337
353	354	337
337	354	338
354	355	338
338	355	339
355	356	339
340	357	341
357	358	341
341	358	342
358	359	342
342	359	343
359	360	343
343	360	344
360	361	344
344	361	345
361	362	345
345	362	346
362	363	346
346	363	347
363	364	347
347	364	348
364	365	348
348	365	349
365	366	349
349	366	350
366	367	350
350	367	351
367	368	351
351	368	352
368	369	352
352	369	353
369	370	353
353	370	354
370	371	354
354	371	355
371	372	355
355	372	356
372	373	356
357	374	358
374	375	358
358	375	359
375	376	359
359	376	360
376	377	360
360	377	361
377	378	361
361	378	362
378	379	362
362	379	363
379	380	363
363	380	364
380	381	364
364	381	365
381	382	365
365	382	366
382	383	366
366	383	367
383	384	367
367	384	368
384	385	368
368	385	369
385	386	369
369	386	370
386	387	370
370	387	371
387	388	371
371	388	372
388	389	372
372	389	373
389	390	373
374	391	375
391	392	375
375	392	376
392	393	376
376	393	377
393	394	377
377	394	378
394	395	378
378	395	379
395	396	379
379	396	380
396	397	380
380	397	381
397	398	381
381	398	382
398	399	382
382	399	383
399	400	383
383	400	384
400	401	384
384	401	385
401	402	385
385	402	386
402	403	386
386	403	387
403	404	387
387	404	388
404	405	388
388	405	389
405	406	389
389	406	390
406	407	390
391	408	392
408	409	392
392	409	393
409	410	393
393	410	394
410	411	394
394	411	395
411	412	395
395	412	396
412	413	396
396	413	397
413	414	397
397	414	398
414	415	398
398	415	399
415	416	399
399	416	400
416	417	400
400	417	401
417	418	401
401	418	402
418	419	402
402	419	403
419	420	403
403	420	404
420	421	404
404	421	405
421	422	405
405	422	406
422	423	406
406	423	407
423	424	407
408	425	409
425	426	409
409	426	410
426	427	410
410	427	411
427	428	411
411	428	412
428	429	412
412	429	413
429	430	413
413	430	414
430	431	414
414	431	415
431	432	415
415	432	416
432	433	416
416	433	417
433	434	417
417	434	418
434	435	418
418	435	419
435	436	419
419	436	420
436	437	420
420	437	421
437	438	421
421	438	422
438	439	422
422	439	423
439	440	423
423	440	424
440	441	424
425	442	426
442	443	426
426	443	427
443	444	427
427	444	428
444	445	428
428	445	429
445	446	429
429	446	430
446	447	430
430	447	431
447	448	431
431	448	432
448	449	432
432	449	433
449	450	433
433	450	434
450	451	434
434	451	435
451	452	435
435	452	436
452	453	436
436	453	437
453	454	437
437	454	438
454	455	438
438	455	439
455	456	439
439	456	440
456	457	440
440	457	441
457	458	441
442	459	443
459	460	443
443	460	444
460	461	444
444	461	445
461	462	445
445	462	446
462	463	446
446	463	447
463	464	447
447	464	448
464	465	448
448	465	449
465	466	449
449	466	450
466	467	450
450	467	451
467	468	451
451	468	452
468	469	452
452	469	453
469	470	453
453	470	454
470	471	454
454	471	455
471	472	455
455	472	456
472	473	456
456	473	457
473	474	457
457	474	458
474	475	458
459	476	460
476	477	460
460	477	461
477	478	461
461	478	462
478	479	462
462	479	463
479	480	463
463	480	464
480	481	464
464	481	465
481	482	465
465	482	466
482	483	466
466	483	467
483	484	467
467	484	468
484	485	468
468	485	469
485	486	469
469	486	470
486	487	470
470	487	471
487	488	471
471	488	472
488	489	472
472	489	473
489	490	473
473	490	474
490	491	474
474	491	475
491	492	475
476	493	477
493	494	477
477	494	478
494	495	478
478	495	479
495	496	479
479	496	480
496	497	480
480	497	481
497	498	481
481	498	482
498	499	482
482	499	483
499	500	483
483	500	484
500	501	484
484	501	485
501	502	485
485	502	486
502	503	486
486	503	487
503	504	487
487	504	488
504	505	488
488	505	489
505	506	489
489	506	490
506	507	490
490	507	491
507	508	491
491	508	492
508	509	492
493	510	494
510	511	494
494	511	495
511	512	495
495	512	496
512	513	496
496	513	497
513	514	497
497	514	498
514	515	498
498	515	499
515	516	499
499	516	500
516	517	500
500	517	501
517	518	501
501	518	502
518	519	502
502	519	503
519	520	503
503	520	504
520	521	504
504	521	505
521	522	505
505	522	506
522	523	506
506	523	507
523	524	507
507	524	508
524	525	508
508	525	509
525	526	509
510	527	511
527	528	511
511	528	512
528	529	512
512	529	513
529	530	513
513	530	514
530	531	514
514	531	515
531	532	515
515	532	516
532	533	516
516	533	517
533	534	517
517	534	518
534	535	518
518	535	519
535	536	519
519	536	520
536	537	520
520	537	521
537	538	521
521	538	522
538	539	522
522	539	523
539	540	523
523	540	524
540	541	524
524	541	525
541	542	525
525	542	526
542	543	526
527	544	528
544	545	528
528	545	529
545	546	529
529	546	530
546	547	530
530	547	531
547	548	531
531	548	532
548	549	532
532	549	533
549	550	533
533	550	534
550	551	534
534	551	535
551	552	535
535	552	536
552	553	536
536	553	537
553	554	537
537	554	538
554	555	538
538	555	539
555	556	539
539	556	540
556	557	540
540	557	541
557	558	541
541	558	542
558	559	542
542	559	543
559	560	543
544	561	545
561	562	545
545	562	546
562	563	546
546	563	547
563	564	547
547	564	548
564	565	548
548	565	549
565	566	549
549	566	550
566	567	550
550	567	551
567	568	551
551	568	552
568	569	552
552	569	553
569	570	553
553	570	554
570	571	554
554	571	555
571	572	555
555	572	556
572	573	556
556	573	557
573	574	557
557	574	558
574	575	558
558	575	559
575	576	559
559	576	560
576	577	560
578	579	580
579	581	580
580	581	582
581	583	582
582	583	584
583	585	584
584	585	586
585	587	586
586	587	588
587	589	588
588	589	590
589	591	590
590	591	592
591	593	592
592	593	594
593	595	594
594	595	596
595	597	596
596	597	598
597	599	598
598	599	600
599	601	600
600	601	602
601	603	602
602	603	604
603	605	604
604	605	606
605	607	606
606	607	608
607	609	608
608	609	610
609	611	610
579	612	581
612	613	581
581	613	583
613	614	583
583	614	585
614	615	585
585	615	587
615	616	587
587	616	589
616	617	589
589	617	591
617	618	591
591	618	593
618	619	593
593	619	595
619	620	595
595	620	597
620	621	597
597	621	599
621	622	599
599	622	601
622	623	601
601	623	603
623	624	603
603	624	605
624	625	605
605	625	607
625	626	607
607	626	609
626	627	609
609	627	611
627	628	611
612	629	613
629	630	613
613	630	614
630	631	614
614	631	615
631	632	615
615	632	616
632	633	616
616	633	617
633	634	617
617	634	618
634	635	618
618	635	619
635	636	619
619	636	620
636	637	620
620	637	621
637	638	621
621	638	622
638	639	622
622	639	623
639	640	623
623	640	624
640	641	624
624	641	625
641	642	625
625	642	626
642	643	626
626	643	627
643	644	627
627	644	628
644	645	628
629	646	630
646	647	630
630	647	631
647	648	631
631	648	632
648	649	632
632	649	633
649	650	633
633	650	634
650	651	634
634	651	635
651	652	635
635	652	636
652	653	636
636	653	637
653	654	637
637	654	638
654	655	638
638	655	639
655	656	639
639	656	640
656	657	640
640	657	641
657	658	641
641	658	642
658	659	642
642	659	643
659	660	643
643	660	644
660	661	644
644	661	645
661	662	645
646	663	647
663	664	647
647	664	648
664	665	648
648	665	649
665	666	649
649	666	650
666	667	650
650	667	651
667	668	651
651	668	652
668	669	652
652	669	653
669	670	653
653	670	654
670	671	654
654	671	655
671	672	655
655	672	656
672	673	656
656	673	657
673	674	657
657	674	658
674	675	658
658	675	659
675	676	659
659	676	660
676	677	660
660	677	661
677	678	661
661	678	662
678	679	662
663	680	664
680	681	664
664	681	665
681	682	665
665	682	666
682	683	666
666	683	667
683	684	667
667	684	668
684	685	668
668	685	669
685	686	669
669	686	670
686	687	670
670	687	671
687	688	671
671	688	672
688	689	672
672	689	673
689	690	673
673	690	674
690	691	674
674	691	675
691	692	675
675	692	676
692	693	676
676	693	677
693	694	677
677	694	678
694	695	678
678	695	679
695	696	679
680	697	681
697	698	681
681	698	682
698	699	682
682	699	683
699	700	683
683	700	684
700	701	684
684	701	685
701	702	685
685	702	686
702	703	686
686	703	687
703	704	687
687	704	688
704	705	688
688	705	689
705	706	689
689	706	690
706	707	690
690	707	691
707	708	691
691	708	692
708	709	692
692	709	693
709	710	693
693	710	694
710	711	694
694	711	695
711	712	695
695	712	696
712	713	696
697	714	698
714	715	698
698	715	699
715	716	699
699	716	700
716	717	700
700	717	701
717	718	701
701	718	702
718	719	702
702	719	703
719	720	703
703	720	704
720	721	704
704	721	705
721	722	705
705	722	706
722	723	706
706	723	707
723	724	707
707	724	708
724	725	708
708	725	709
725	726	709
709	726	710
726	727	710
710	727	711
727	728	711
711	728	712
728	729	712
712	729	713
729	730	713
714	731	715
731	732	715
715	732	716
732	733	716
716	733	717
733	734	717
717	734	718
734	735	718
718	735	719
735	736	719
719	736	720
736	737	720
720	737	721
737	738	721
721	738	722
738	739	722
722	739	723
739	740	723
723	740	724
740	741	724
724	741	725
741	742	725
725	742	726
742	743	726
726	743	727
743	744	727
727	744	728
744	745	728
728	745	729
745	746	729
729	746	730
746	747	730
731	748	732
748	749	732
732	749	733
749	750	733
733	750	734
750	751	734
734	751	735
751	752	735
735	752	736
752	753	736
736	753	737
753	754	737
737	754	738
754	755	738
738	755	739
755	756	739
739	756	740
756	757	740
740	757	741
757	758	741
741	758	742
758	759	742
742	759	743
759	760	743
743	760	744
760	761	744
744	761	745
761	762	745
745	762	746
762	763	746
746	763	747
763	764	747
748	765	749
765	766	749
749	766	750
766	767	750
750	767	751
767	768	751
751	768	752
768	769	752
752	769	753
769	770	753
753	770	754
770	771	754
754	771	755
771	772	755
755	772	756
772	773	756
756	773	757
773	774	757
757	774	758
774	775	758
758	775	759
775	776	759
759	776	760
776	777	760
760	777	761
777	778	761
761	778	762
778	779	762
762	779	763
779	780	763
763	780	764
780	781	764
765	782	766
782	783	766
766	783	767
783	784	767
767	784	768
784	785	768
768	785	769
785	786	769
769	786	770
786	787	770
770	787	771
787	788	771
771	788	772
788	789	772
772	789	773
789	790	773
773	790	774
790	791	774
774	791	775
791	792	775
775	792	776
792	793	776
776	793	777
793	794	777
777	794	778
794	795	778
778	795	779
795	796	779
779	796	780
796	797	780
780	797	781
797	798	781
782	799	783
799	800	783
783	800	784
800	801	784
784	801	785
801	802	785
785	802	786
802	803	786
786	803	787
803	804	787
787	804	788
804	805	788
788	805	789
805	806	789
789	806	790
806	807	790
790	807	791
807	808	791
791	808	792
808	809	792
792	809	793
809	810	793
793	810	794
810	811	794
794	811	795
811	812	795
795	812	796
812	813	796
796	813	797
813	814	797
797	814	798
814	815	798
799	816	800
816	817	800
800	817	801
817	818	801
801	818	802
818	819	802
802	819	803
819	820	803
803	820	804
820	821	804
804	821	805
821	822	805
805	822	806
822	823	806
806	823	807
823	824	807
807	824	808
824	825	808
808	825	809
825	826	809
809	826	810
826	827	810
810	827	811
827	828	811
811	828	812
828	829	812
812	829	813
829	830	813
813	830	814
830	831	814
814	831	815
831	832	815
816	833	817
833	834	817
817	834	818
834	835	818
818	835	819
835	836	819
819	836	820
836	837	820
820	837	821
837	838	821
821	838	822
838	839	822
822	839	823
839	840	823
823	840	824
840	841	824
824	841	825
841	842	825
825	842	826
842	843	826
826	843	827
843	844	827
827	844	828
844	845	828
828	845	829
845	846	829
829	846	830
846	847	830
830	847	831
847	848	831
831	848	832
848	849	832
833	850	834
850	851	834
834	851	835
851	852	835
835	852	836
852	853	836
836	853	837
853	854	837
837	854	838
854	855	838
838	855	839
855	856	839
839	856	840
856	857	840
840	857	841
857	858	841
841	858	842
858	859	842
842	859	843
859	860	843
843	860	844
860	861	844
844	861	845
861	862	845
845	862	846
862	863	846
846	863	847
863	864	847
847	864	848
864	865	848
848	865	849
865	866	849
867	868	869
868	870	869
869	870	871
870	872	871
871	872	873
872	874	873
873	874	875
874	876	875
875	876	877
876	878	877
877	878	879
878	880	879
879	880	881
880	882	881
881	882	883
882	884	883
883	884	885
884	886	885
885	886	887
886	888	887
887	888	889
888	890	889
889	890	891
890	892	891
891	892	893
892	894	893
893	894	895
894	896	895
895	896	897
896	898	897
897	898	899
898	900	899
868	901	870
901	902	870
870	902	872
902	903	872
872	903	874
903	904	874
874	904	876
904	905	876
876	905	878
905	906	878
878	906	880
906	907	880
880	907	882
907	908	882
882	908	884
908	909	884
884	909	886
909	910	886
886	910	888
910	911	888
888	911	890
911	912	890
890	912	892
912	913	892
892	913	894
913	914	894
894	914	896
914	915	896
896	915	898
915	916	898
898	916	900
916	917	900
901	918	902
918	919	902
902	919	903
919	920	903
903	920	904
920	921	904
904	921	905
921	922	905
905	922	906
922	923	906
906	923	907
923	924	907
907	924	908
924	925	908
908	925	909
925	926	909
909	926	910
926	927	910
910	927	911
927	928	911
911	928	912
928	929	912
912	929	913
929	930	913
913	930	914
930	931	914
914	931	915
931	932	915
915	932	916
932	933	916
916	933	917
933	934	917
918	935	919
935	936	919
919	936	920
936	937	920
920	937	921
937	938	921
921	938	922
938	939	922
922	939	923
939	940	923
923	940	924
940	941	924
924	941	925
941	942	925
925	942	926
942	943	926
926	943	927
943	944	927
927	944	928
944	945	928
928	945	929
945	946	929
929	946	930
946	947	930
930	947	931
947	948	931
931	948	932
948	949	932
932	949	933
949	950	933
933	950	934
950	951	934
935	952	936
952	953	936
936	953	937
953	954	937
937	954	938
954	955	938
938	955	939
955	956	939
939	956	940
956	957	940
940	957	941
957	958	941
941	958	942
958	959	942
942	959	943
959	960	943
943	960	944
960	961	944
944	961	945
961	962	945
945	962	946
962	963	946
946	963	947
963	964	947
947	964	948
964	965	948
948	965	949
965	966	949
949	966	950
966	967	950
950	967	951
967	968	951
952	969	953
969	970	953
953	970	954
970	971	954
954	971	955
971	972	955
955	972	956
972	973	956
956	973	957
973	974	957
957	974	958
974	975	958
958	975	959
975	976	959
959	976	960
976	977	960
960	977	961
977	978	961
961	978	962
978	979	962
962	979	963
979	980	963
963	980	964
980	981	964
964	981	965
981	982	965
965	982	966
982	983	966
966	983	967
983	984	967
967	984	968
984	985	968
969	986	970
986	987	970
970	987	971
987	988	971
971	988	972
988	989	972
972	989	973
989	990	973
973	990	974
990	991	974
974	991	975
991	992	975
975	992	976
992	993	976
976	993	977
993	994	977
977	994	978
994	995	978
978	995	979
995	996	979
979	996	980
996	997	980
980	997	981
997	998	981
981	998	982
998	999	982
982	999	983
999	1000	983
983	1000	984
1000	1001	984
984	1001	985
1001	1002	985
986	1003	987
1003	1004	987
987	1004	988
1004	1005	988
988	1005	989
1005	1006	989
989	1006	990
1006	1007	990
990	1007	991
1007	1008	991
991	1008	992
1008	1009	992
992	1009	993
1009	1010	993
993	1010	994
1010	1011	994
994	1011	995
1011	1012	995
995	1012	996
1012	1013	996
996	1013	997
1013	1014	997
997	1014	998
1014	1015	998
998	1015	999
1015	1016	999
999	1016	1000
1016	1017	1000
1000	1017	1001
1017	1018	1001
1001	1018	1002
1018	1019	1002
1003	1020	1004
1020	1021	1004
1004	1021	1005
1021	1022	1005
1005	1022	1006
1022	1023	1006
1006	1023	1007
1023	1024	1007
1007	1024	1008
1024	1025	1008
1008	1025	1009
1025	1026	1009
1009	1026	1010
1026	1027	1010
1010	1027	1011
1027	1028	1011
1011	1028	1012
1028	1029	1012
1012	1029	1013
1029	1030	1013
1013	1030	1014
1030	1031	1014
1014	1031	1015
1031	1032	1015
1015	1032	1016
1032	1033	1016
1016	1033	1017
1033	1034	1017
1017	1034	1018
1034	1035	1018
1018	1035	1019
1035	1036	1019
1020	1037	1021
1037	1038	1021
1021	1038	1022
1038	1039	1022
1022	1039	1023
1039	1040	1023
1023	1040	1024
1040	1041	1024
1024	1041	1025
1041	1042	1025
1025	1042	1026
1042	1043	1026
1026	1043	1027
1043	1044	1027
1027	1044	1028
1044	1045	1028
1028	1045	1029
1045	1046	1029
1029	1046	1030
1046	1047	1030
1030	1047	1031
1047	1048	1031
1031	1048	1032
1048	1049	1032
1032	1049	1033
1049	1050	1033
1033	1050	1034
1050	1051	1034
1034	1051	1035
1051	1052	1035
1035	1052	1036
1052	1053	1036
1037	1054	1038
1054	1055	1038
1038	1055	1039
1055	1056	1039
1039	1056	1040
1056	1057	1040
1040	1057	1041
1057	1058	1041
1041	1058	1042
1058	1059	1042
1042	1059	1043
1059	1060	1043
1043	1060	1044
1060	1061	1044
1044	1061	1045
1061	1062	1045
1045	1062	1046
1062	1063	1046
1046	1063	1047
1063	1064	1047
1047	1064	1048
1064	1065	1048
1048	1065	1049
1065	1066	1049
1049	1066	1050
1066	1067	1050
1050	1067	1051
1067	1068	1051
1051	1068	1052
1068	1069	1052
1052	1069	1053
1069	1070	1053
1054	1071	1055
1071	1072	1055
1055	1072	1056
1072	1073	1056
1056	1073	1057
1073	1074	1057
1057	1074	1058
1074	1075	1058
1058	1075	1059
1075	1076	1059
1059	1076	1060
1076	1077	1060
1060	1077	1061
1077	1078	1061
1061	1078	1062
1078	1079	1062
1062	1079	1063
1079	1080	1063
1063	1080	1064
1080	1081	1064
1064	1081	1065
1081	1082	1065
1065	1082	1066
1082	1083	1066
1066	1083	1067
1083	1084	1067
1067	1084	1068
1084	1085	1068
1068	1085	1069
1085	1086	1069
1069	1086	1070
1086	1087	1070
1071	1088	1072
1088	1089	1072
1072	1089	1073
1089	1090	1073
1073	1090	1074
1090	1091	1074
1074	1091	1075
1091	1092	1075
1075	1092	1076
1092	1093	1076
1076	1093	1077
1093	1094	1077
1077	1094	1078
1094	1095	1078
1078	1095	1079
1095	1096	1079
1079	1096	1080
1096	1097	1080
1080	1097	1081
1097	1098	1081
1081	1098	1082
1098	1099	1082
1082	1099	1083
1099	1100	1083
1083	1100	1084
1100	1101	1084
1084	1101	1085
1101	1102	1085
1085	1102	1086
1102	1103	1086
1086	1103	1087
1103	1104	1087
1088	1105	1089
1105	1106	1089
1089	1106	1090
1106	1107	1090
1090	1107	1091
1107	1108	1091
1091	1108	1092
1108	1109	1092
1092	1109	1093
1109	1110	1093
1093	1110	1094
1110	1111	1094
1094	1111	1095
1111	1112	1095
1095	1112	1096
1112	1113	1096
1096	1113	1097
1113	1114	1097
1097	1114	1098
1114	1115	1098
1098	1115	1099
1115	1116	1099
1099	1116	1100
1116	1117	1100
1100	1117	1101
1117	1118	1101
1101	1118	1102
1118	1119	1102
1102	1119	1103
1119	1120	1103
1103	1120	1104
1120	1121	1104
1105	1122	1106
1122	1123	1106
1106	1123	1107
1123	1124	1107
1107	1124	1108
1124	1125	1108
1108	1125	1109
1125	1126	1109
1109	1126	1110
1126	1127	1110
1110	1127	1111
1127	1128	1111
1111	1128	1112
1128	1129	1112
1112	1129	1113
1129	1130	1113
1113	1130	1114
1130	1131	1114
1114	1131	1115
1131	1132	1115
1115	1132	1116
1132	1133	1116
1116	1133	1117
1133	1134	1117
1117	1134	1118
1134	1135	1118
1118	1135	1119
1135	1136	1119
1119	1136	1120
1136	1137	1120
1120	1137	1121
1137	1138	1121
1122	1139	1123
1139	1140	1123
1123	1140	1124
1140	1141	1124
1124	1141	1125
1141	1142	1125
1125	1142	1126
1142	1143	1126
1126	1143	1127
1143	1144	1127
1127	1144	1128
1144	1145	1128
1128	1145	1129
1145	1146	1129
1129	1146	1130
1146	1147	1130
1130	1147	1131
1147	1148	1131
1131	1148	1132
1148	1149	1132
1132	1149	1133
1149	1150	1133
1133	1150	1134
1150	1151	1134
1134	1151	1135
1151	1152	1135
1135	1152	1136
1152	1153	1136
1136	1153	1137
1153	1154	1137
1137	1154	1138
1154	1155	1138
1156	1157	1158
1157	1159	1158
1158	1159	1160
1159	1161	1160
1160	1161	1162
1161	1163	1162
1162	1163	1164
1163	1165	1164
1164	1165	1166
1165	1167	1166
1166	1167	1168
1167	1169	1168
1168	1169	1170
1169	1171	1170
1170	1171	1172
1171	1173	1172
1172	1173	1174
1173	1175	1174
1174	1175	1176
1175	1177	1176
1176	1177	1178
1177	1179	1178
1178	1179	1180
1179	1181	1180
1180	1181	1182
1181	1183	1182
1182	1183	1184
1183	1185	1184
1184	1185	1186
1185	1187	1186
1186	1187	1188
1187	1189	1188
1157	1190	1159
1190	1191	1159
1159	1191	1161
1191	1192	1161
1161	1192	1163
1192	1193	1163
1163	1193	1165
1193	1194	1165
1165	1194	1167
1194	1195	1167
1167	1195	1169
1195	1196	1169
1169	1196	1171
1196	1197	1171
1171	1197	1173
1197	1198	1173
1173	1198	1175
1198	1199	1175
1175	1199	1177
1199	1200	1177
1177	1200	1179
1200	1201	1179
1179	1201	1181
1201	1202	1181
1181	1202	1183
1202	1203	1183
1183	1203	1185
1203	1204	1185
1185	1204	1187
1204	1205	1187
1187	1205	1189
1205	1206	1189
1190	1207	1191
1207	1208	1191
1191	1208	1192
1208	1209	1192
1192	1209	1193
1209	1210	1193
1193	1210	1194
1210	1211	1194
1194	1211	1195
1211	1212	1195
1195	1212	1196
1212	1213	1196
1196	1213	1197
1213	1214	1197
1197	1214	1198
1214	1215	1198
1198	1215	1199
1215	1216	1199
1199	1216	1200
1216	1217	1200
1200	1217	1201
1217	1218	1201
1201	1218	1202
1218	1219	1202
1202	1219	1203
1219	1220	1203
1203	1220	1204
1220	1221	1204
1204	1221	1205
1221	1222	1205
1205	1222	1206
1222	1223	1206
1207	1224	1208
1224	1225	1208
1208	1225	1209
1225	1226	1209
1209	1226	1210
1226	1227	1210
1210	1227	1211
1227	1228	1211
1211	1228	1212
1228	1229	1212
1212	1229	1213
1229	1230	1213
1213	1230	1214
1230	1231	1214
1214	1231	1215
1231	1232	1215
1215	1232	1216
1232	1233	1216
1216	1233	1217
1233	1234	1217
1217	1234	1218
1234	1235	1218
1218	1235	1219
1235	1236	1219
1219	1236	1220
1236	1237	1220
1220	1237	1221
1237	1238	1221
1221	1238	1222
1238	1239	1222
1222	1239	1223
1239	1240	1223
1224	1241	1225
1241	1242	1225
1225	1242	1226
1242	1243	1226
1226	1243	1227
1243	1244	1227
1227	1244	1228
1244	1245	1228
1228	1245	1229
1245	1246	1229
1229	1246	1230
1246	1247	1230
1230	1247	1231
1247	1248	1231
1231	1248	1232
1248	1249	1232
1232	1249	1233
1249	1250	1233
1233	1250	1234
1250	1251	1234
1234	1251	1235
1251	1252	1235
1235	1252	1236
1252	1253	1236
1236	1253	1237
1253	1254	1237
1237	1254	1238
1254	1255	1238
1238	1255	1239
1255	1256	1239
1239	1256	1240
1256	1257	1240
1241	1258	1242
1258	1259	1242
1242	1259	1243
1259	1260	1243
1243	1260	1244
1260	1261	1244
1244	1261	1245
1261	1262	1245
1245	1262	1246
1262	1263	1246
1246	1263	1247
1263	1264	1247
1247	1264	1248
1264	1265	1248
1248	1265	1249
1265	1266	1249
1249	1266	1250
1266	1267	1250
1250	1267	1251
1267	1268	1251
1251	1268	1252
1268	1269	1252
1252	1269	1253
1269	1270	1253
1253	1270	1254
1270	1271	1254
1254	1271	1255
1271	1272	1255
1255	1272	1256
1272	1273	1256
1256	1273	1257
1273	1274	1257
1258	1275	1259
1275	1276	1259
1259	1276	1260
1276	1277	1260
1260	1277	1261
1277	1278	1261
1261	1278	1262
1278	1279	1262
1262	1279	1263
1279	1280	1263
1263	1280	1264
1280	1281	1264
1264	1281	1265
1281	1282	1265
1265	1282	1266
1282	1283	1266
1266	1283	1267
1283	1284	1267
1267	1284	1268
1284	1285	1268
1268	1285	1269
1285	1286	1269
1269	1286	1270
1286	1287	1270
1270	1287	1271
1287	1288	1271
1271	1288	1272
1288	1289	1272
1272	1289	1273
1289	1290	1273
1273	1290	1274
1290	1291	1274
1275	1292	1276
1292	1293	1276
1276	1293	1277
1293	1294	1277
1277	1294	1278
1294	1295	1278
1278	1295	1279
1295	1296	1279
1279	1296	1280
1296	1297	1280
1280	1297	1281
1297	1298	1281
1281	1298	1282
1298	1299	1282
1282	1299	1283
1299	1300	1283
1283	1300	1284
1300	1301	1284
1284	1301	1285
1301	1302	1285
1285	1302	1286
1302	1303	1286
1286	1303	1287
1303	1304	1287
1287	1304	1288
1304	1305	1288
1288	1305	1289
1305	1306	1289
1289	1306	1290
1306	1307	1290
1290	1307	1291
1307	1308	1291
1292	1309	1293
1309	1310	1293
1293	1310	1294
1310	1311	1294
1294	1311	1295
1311	1312	1295
1295	1312	1296
1312	1313	1296
1296	1313	1297
1313	1314	1297
1297	1314	1298
1314	1315	1298
1298	1315	1299
1315	1316	1299
1299	1316	1300
1316	1317	1300
1300	1317	1301
1317	1318	1301
1301	1318	1302
1318	1319	1302
1302	1319	1303
1319	1320	1303
1303	1320	1304
1320	1321	1304
1304	1321	1305
1321	1322	1305
1305	1322	1306
1322	1323	1306
1306	1323	1307
1323	1324	1307
1307	1324	1308
1324	1325	1308
1309	1326	1310
1326	1327	1310
1310	1327	1311
1327	1328	1311
1311	1328	1312
1328	1329	1312
1312	1329	1313
1329	1330	1313
1313	1330	1314
1330	1331	1314
1314	1331	1315
1331	1332	1315
1315	1332	1316
1332	1333	1316
1316	1333	1317
1333	1334	1317
1317	1334	1318
1334	1335	1318
1318	1335	1319
1335	1336	1319
1319	1336	1320
1336	1337	1320
1320	1337	1321
1337	1338	1321
1321	1338	1322
1338	1339	1322
1322	1339	1323
1339	1340	1323
1323	1340	1324
1340	1341	1324
1324	1341	1325
1341	1342	1325
1326	1343	1327
1343	1344	1327
1327	1344	1328
1344	1345	1328
1328	1345	1329
1345	1346	1329
1329	1346	1330
1346	1347	1330
1330	1347	1331
1347	1348	1331
1331	1348	1332
1348	1349	1332
1332	1349	1333
1349	1350	1333
1333	1350	1334
1350	1351	1334
1334	1351	1335
1351	1352	1335
1335	1352	1336
1352	1353	1336
1336	1353	1337
1353	1354	1337
1337	1354	1338
1354	1355	1338
1338	1355	1339
1355	1356	1339
1339	1356	1340
1356	1357	1340
1340	1357	1341
1357	1358	1341
1341	1358	1342
1358	1359	1342
1343	1360	1344
1360	1361	1344
1344	1361	1345
1361	1362	1345
1345	1362	1346
1362	1363	1346
1346	1363	1347
1363	1364	1347
1347	1364	1348
1364	1365	1348
1348	1365	1349
1365	1366	1349
1349	1366	1350
1366	1367	1350
1350	1367	1351
1367	1368	1351
1351	1368	1352
1368	1369	1352
1352	1369	1353
1369	1370	1353
1353	1370	1354
1370	1371	1354
1354	1371	1355
1371	1372	1355
1355	1372	1356
1372	1373	1356
1356	1373	1357
1373	1374	1357
1357	1374	1358
1374	1375	1358
1358	1375	1359
1375	1376	1359
1360	1377	1361
1377	1378	1361
1361	1378	1362
1378	1379	1362
1362	1379	1363
1379	1380	1363
1363	1380	1364
1380	1381	1364
1364	1381	1365
1381	1382	1365
1365	1382	1366
1382	1383	1366
1366	1383	1367
1383	1384	1367
1367	1384	1368
1384	1385	1368
1368	1385	1369
1385	1386	1369
1369	1386	1370
1386	1387	1370
1370	1387	1371
1387	1388	1371
1371	1388	1372
1388	1389	1372
1372	1389	1373
1389	1390	1373
1373	1390	1374
1390	1391	1374
1374	1391	1375
1391	1392	1375
1375	1392	1376
1392	1393	1376
1377	1394	1378
1394	1395	1378
1378	1395	1379
1395	1396	1379
1379	1396	1380
1396	1397	1380
1380	1397	1381
1397	1398	1381
1381	1398	1382
1398	1399	1382
1382	1399	1383
1399	1400	1383
1383	1400	1384
1400	1401	1384
1384	1401	1385
1401	1402	1385
1385	1402	1386
1402	1403	1386
1386	1403	1387
1403	1404	1387
1387	1404	1388
1404	1405	1388
1388	1405	1389
1405	1406	1389
1389	1406	1390
1406	1407	1390
1390	1407	1391
1407	1408	1391
1391	1408	1392
1408	1409	1392
1392	1409	1393
1409	1410	1393
1394	1411	1395
1411	1412	1395
1395	1412	1396
1412	1413	1396
1396	1413	1397
1413	1414	1397
1397	1414	1398
1414	1415	1398
1398	1415	1399
1415	1416	1399
1399	1416	1400
1416	1417	1400
1400	1417	1401
1417	1418	1401
1401	1418	1402
1418	1419	1402
1402	1419	1403
1419	1420	1403
1403	1420	1404
1420	1421	1404
1404	1421	1405
1421	1422	1405
1405	1422	1406
1422	1423	1406
1406	1423	1407
1423	1424	1407
1407	1424	1408
1424	1425	1408
1408	1425	1409
1425	1426	1409
1409	1426	1410
1426	1427	1410
1411	1428	1412
1428	1429	1412
1412	1429	1413
1429	1430	1413
1413	1430	1414
1430	1431	1414
1414	1431	1415
1431	1432	1415
1415	1432	1416
1432	1433	1416
1416	1433	1417
1433	1434	1417
1417	1434	1418
1434	1435	1418
1418	1435	1419
1435	1436	1419
1419	1436	1420
1436	1437	1420
1420	1437	1421
1437	1438	1421
1421	1438	1422
1438	1439	1422
1422	1439	1423
1439	1440	1423
1423	1440	1424
1440	1441	1424
1424	1441	1425
1441	1442	1425
1425	1442	1426
1442	1443	1426
1426	1443	1427
1443	1444	1427
1445	1446	1447
1446	1448	1447
1447	1448	1449
1448	1450	1449
1449	1450	1451
1450	1452	1451
1451	1452	1453
1452	1454	1453
1453	1454	1455
1454	1456	1455
1455	1456	1457
1456	1458	1457
1457	1458	1459
1458	1460	1459
1459	1460	1461
1460	1462	1461
1461	1462	1463
1462	1464	1463
1463	1464	1465
1464	1466	1465
1465	1466	1467
1466	1468	1467
1467	1468	1469
1468	1470	1469
1469	1470	1471
1470	1472	1471
1471	1472	1473
1472	1474	1473
1473	1474	1475
1474	1476	1475
1475	1476	1477
1476	1478	1477
1446	1479	1448
1479	1480	1448
1448	1480	1450
1480	1481	1450
1450	1481	1452
1481	1482	1452
1452	1482	1454
1482	1483	1454
1454	1483	1456
1483	1484	1456
1456	1484	1458
1484	1485	1458
1458	1485	1460
1485	1486	1460
1460	1486	1462
1486	1487	1462
1462	1487	1464
1487	1488	1464
1464	1488	1466
1488	1489	1466
1466	1489	1468
1489	1490	1468
1468	1490	1470
1490	1491	1470
1470	1491	1472
1491	1492	1472
1472	1492	1474
1492	1493	1474
1474	1493	1476
1493	1494	1476
1476	1494	1478
1494	1495	1478
1479	1496	1480
1496	1497	1480
1480	1497	1481
1497	1498	1481
1481	1498	1482
1498	1499	1482
1482	1499	1483
1499	1500	1483
1483	1500	1484
1500	1501	1484
1484	1501	1485
1501	1502	1485
1485	1502	1486
1502	1503	1486
1486	1503	1487
1503	1504	1487
1487	1504	1488
1504	1505	1488
1488	1505	1489
1505	1506	1489
1489	1506	1490
1506	1507	1490
1490	1507	1491
1507	1508	1491
1491	1508	1492
1508	1509	1492
1492	1509	1493
1509	1510	1493
1493	1510	1494
1510	1511	1494
1494	1511	1495
1511	1512	1495
1496	1513	1497
1513	1514	1497
1497	1514	1498
1514	1515	1498
1498	1515	1499
1515	1516	1499
1499	1516	1500
1516	1517	1500
1500	1517	1501
1517	1518	1501
1501	1518	1502
1518	1519	1502
1502	1519	1503
1519	1520	1503
1503	1520	1504
1520	1521	1504
1504	1521	1505
1521	1522	1505
1505	1522	1506
1522	1523	1506
1506	1523	1507
1523	1524	1507
1507	1524	1508
1524	1525	1508
1508	1525	1509
1525	1526	1509
1509	1526	1510
1526	1527	1510
1510	1527	1511
1527	1528	1511
1511	1528	1512
1528	1529	1512
1513	1530	1514
1530	1531	1514
1514	1531	1515
1531	1532	1515
1515	1532	1516
1532	1533	1516
1516	1533	1517
1533	1534	1517
1517	1534	1518
1534	1535	1518
1518	1535	1519
1535	1536	1519
1519	1536	1520
1536	1537	1520
1520	1537	1521
1537	1538	1521
1521	1538	1522
1538	1539	1522
1522	1539	1523
1539	1540	1523
1523	1540	1524
1540	1541	1524
1524	1541	1525
1541	1542	1525
1525	1542	1526
1542	1543	1526
1526	1543	1527
1543	1544	1527
1527	1544	1528
1544	1545	1528
1528	1545	1529
1545	1546	1529
1530	1547	1531
1547	1548	1531
1531	1548	1532
1548	1549	1532
1532	1549	1533
1549	1550	1533
1533	1550	1534
1550	1551	1534
1534	1551	1535
1551	1552	1535
1535	1552	1536
1552	1553	1536
1536	1553	1537
1553	1554	1537
1537	1554	1538
1554	1555	1538
1538	1555	1539
1555	1556	1539
1539	1556	1540
1556	1557	1540
1540	1557	1541
1557	1558	1541
1541	1558	1542
1558	1559	1542
1542	1559	1543
1559	1560	1543
1543	1560	1544
1560	1561	1544
1544	1561	1545
1561	1562	1545
1545	1562	1546
1562	1563	1546
1547	1564	1548
1564	1565	1548
1548	1565	1549
1565	1566	1549
1549	1566	1550
1566	1567	1550
1550	1567	1551
1567	1568	1551
1551	1568	1552
1568	1569	1552
1552	1569	1553
1569	1570	1553
1553	1570	1554
1570	1571	1554
1554	1571	1555
1571	1572	1555
1555	1572	1556
1572	1573	1556
1556	1573	1557
1573	1574	1557
1557	1574	1558
1574	1575	1558
1558	1575	1559
1575	1576	1559
1559	1576	1560
1576	1577	1560
1560	1577	1561
1577	1578	1561
1561	1578	1562
1578	1579	1562
1562	1579	1563
1579	1580	1563
1564	1581	1565
1581	1582	1565
1565	1582	1566
1582	1583	1566
1566	1583	1567
1583	1584	1567
1567	1584	1568
1584	1585	1568
1568	1585	1569
1585	1586	1569
1569	1586	1570
1586	1587	1570
1570	1587	1571
1587	1588	1571
1571	1588	1572
1588	1589	1572
1572	1589	1573
1589	1590	1573
1573	1590	1574
1590	1591	1574
1574	1591	1575
1591	1592	1575
1575	1592	1576
1592	1593	1576
1576	1593	1577
1593	1594	1577
1577	1594	1578
1594	1595	1578
1578	1595	1579
1595	1596	1579
1579	1596	1580
1596	1597	1580
1581	1598	1582
1598	1599	1582
1582	1599	1583
1599	1600	1583
1583	1600	1584
1600	1601	1584
1584	1601	1585
1601	1602	1585
1585	1602	1586
1602	1603	1586
1586	1603	1587
1603	1604	1587
1587	1604	1588
1604	1605	1588
1588	1605	1589
1605	1606	1589
1589	1606	1590
1606	1607	1590
1590	1607	1591
1607	1608	1591
1591	1608	1592
1608	1609	1592
1592	1609	1593
1609	1610	1593
1593	1610	1594
1610	1611	1594
1594	1611	1595
1611	1612	1595
1595	1612	1596
1612	1613	1596
1596	1613	1597
1613	1614	1597
1598	1615	1599
1615	1616	1599
1599	1616	1600
1616	1617	1600
1600	1617	1601
1617	1618	1601
1601	1618	1602
1618	1619	1602
1602	1619	1603
1619	1620	1603
1603	1620	1604
1620	1621	1604
1604	1621	1605
1621	1622	1605
1605	1622	1606
1622	1623	1606
1606	1623	1607
1623	1624	1607
1607	1624	1608
1624	1625	1608
1608	1625	1609
1625	1626	1609
1609	1626	1610
1626	1627	1610
1610	1627	1611
1627	1628	1611
1611	1628	1612
1628	1629	1612
1612	1629	1613
1629	1630	1613
1613	1630	1614
1630	1631	1614
1615	1632	1616
1632	1633	1616
1616	1633	1617
1633	1634	1617
1617	1634	1618
1634	1635	1618
1618	1635	1619
1635	1636	1619
1619	1636	1620
1636	1637	1620
1620	1637	1621
1637	1638	1621
1621	1638	1622
1638	1639	1622
1622	1639	1623
1639	1640	1623
1623	1640	1624
1640	1641	1624
1624	1641	1625
1641	1642	1625
1625	1642	1626
1642	1643	1626
1626	1643	1627
1643	1644	1627
1627	1644	1628
1644	1645	1628
1628	1645	1629
1645	1646	1629
1629	1646	1630
1646	1647	1630
1630	1647	1631
1647	1648	1631
1632	1649	1633
1649	1650	1633
1633	1650	1634
1650	1651	1634
1634	1651	1635
1651	1652	1635
1635	1652	1636
1652	1653	1636
1636	1653	1637
1653	1654	1637
1637	1654	1638
1654	1655	1638
1638	1655	1639
1655	1656	1639
1639	1656	1640
1656	1657	1640
1640	1657	1641
1657	1658	1641
1641	1658	1642
1658	1659	1642
1642	1659	1643
1659	1660	1643
1643	1660	1644
1660	1661	1644
1644	1661	1645
1661	1662	1645
1645	1662	1646
1662	1663	1646
1646	1663	1647
1663	1664	1647
1647	1664	1648
1664	1665	1648
1649	1666	1650
1666	1667	1650
1650	1667	1651
1667	1668	1651
1651	1668	1652
1668	1669	1652
1652	1669	1653
1669	1670	1653
1653	1670	1654
1670	1671	1654
1654	1671	1655
1671	1672	1655
1655	1672	1656
1672	1673	1656
1656	1673	1657
1673	1674	1657
1657	1674	1658
1674	1675	1658
1658	1675	1659
1675	1676	1659
1659	1676	1660
1676	1677	1660
1660	1677	1661
1677	1678	1661
1661	1678	1662
1678	1679	1662
1662	1679	1663
1679	1680	1663
1663	1680	1664
1680	1681	1664
1664	1681	1665
1681	1682	1665
1666	1683	1667
1683	1684	1667
1667	1684	1668
1684	1685	1668
1668	1685	1669
1685	1686	1669
1669	1686	1670
1686	1687	1670
1670	1687	1671
1687	1688	1671
1671	1688	1672
1688	1689	1672
1672	1689	1673
1689	1690	1673
1673	1690	1674
1690	1691	1674
1674	1691	1675
1691	1692	1675
1675	1692	1676
1692	1693	1676
1676	1693	1677
1693	1694	1677
1677	1694	1678
1694	1695	1678
1678	1695	1679
1695	1696	1679
1679	1696	1680
1696	1697	1680
1680	1697	1681
1697	1698	1681
1681	1698	1682
1698	1699	1682
1683	1700	1684
1700	1701	1684
1684	1701	1685
1701	1702	1685
1685	1702	1686
1702	1703	1686
1686	1703	1687
1703	1704	1687
1687	1704	1688
1704	1705	1688
1688	1705	1689
1705	1706	1689
1689	1706	1690
1706	1707	1690
1690	1707	1691
1707	1708	1691
1691	1708	1692
1708	1709	1692
1692	1709	1693
1709	1710	1693
1693	1710	1694
1710	1711	1694
1694	1711	1695
1711	1712	1695
1695	1712	1696
1712	1713	1696
1696	1713	1697
1713	1714	1697
1697	1714	1698
1714	1715	1698
1698	1715	1699
1715	1716	1699
1700	1717	1701
1717	1718	1701
1701	1718	1702
1718	1719	1702
1702	1719	1703
1719	1720	1703
1703	1720	1704
1720	1721	1704
1704	1721	1705
1721	1722	1705
1705	1722	1706
1722	1723	1706
1706	1723	1707
1723	1724	1707
1707	1724	1708
1724	1725	1708
1708	1725	1709
1725	1726	1709
1709	1726	1710
1726	1727	1710
1710	1727	1711
1727	1728	1711
1711	1728	1712
1728	1729	1712
1712	1729	1713
1729	1730	1713
1713	1730	1714
1730	1731	1714
1714	1731	1715
1731	1732	1715
1715	1732	1716
1732	1733	1716
