24 	 36 

5.094325	2.555835	-1.490470	0.2688	0.5876	0.7632	0.625000	0.500000
-2.325455	5.370667	-1.043977	0.2688	0.5876	0.7632	0.875000	0.500000
-4.454181	-1.156689	4.731568	0.2688	0.5876	0.7632	0.875000	0.750000
2.965599	-3.971522	4.285075	0.2688	0.5876	0.7632	0.625000	0.750000
2.325455	-5.370667	2.467860	-0.2373	-0.7275	0.6437	0.375000	0.750000
2.965599	-3.971522	4.285075	-0.2373	-0.7275	0.6437	0.625000	0.750000
-4.454181	-1.156689	4.731568	-0.2373	-0.7275	0.6437	0.625000	1.000000
-5.094325	-2.555835	2.914352	-0.2373	-0.7275	0.6437	0.375000	1.000000
-5.094325	-2.555835	2.914352	-0.9335	0.3541	0.0562	0.375000	0.000000
-4.454181	-1.156689	4.731568	-0.9335	0.3541	0.0562	0.625000	0.000000
-2.325455	5.370667	-1.043977	-0.9335	0.3541	0.0562	0.625000	0.250000
-2.965599	3.971522	-2.861193	-0.9335	0.3541	0.0562	0.375000	0.250000
-2.965599	3.971522	-2.861193	-0.2688	-0.5876	-0.7632	0.125000	0.500000
4.454181	1.156689	-3.307685	-0.2688	-0.5876	-0.7632	0.375000	0.500000
2.325455	-5.370667	2.467860	-0.2688	-0.5876	-0.7632	0.375000	0.750000
-5.094325	-2.555835	2.914352	-0.2688	-0.5876	-0.7632	0.125000	0.750000
4.454181	1.156689	-3.307685	0.9335	-0.3541	-0.0562	0.375000	0.500000
5.094325	2.555835	-1.490470	0.9335	-0.3541	-0.0562	0.625000	0.500000
2.965599	-3.971522	4.285075	0.9335	-0.3541	-0.0562	0.625000	0.750000
2.325455	-5.370667	2.467860	0.9335	-0.3541	-0.0562	0.375000	0.750000
-2.965599	3.971522	-2.861193	0.2373	0.7275	-0.6437	0.375000	0.250000
-2.325455	5.370667	-1.043977	0.2373	0.7275	-0.6437	0.625000	0.250000
5.094325	2.555835	-1.490470	0.2373	0.7275	-0.6437	0.625000	0.500000
4.454181	1.156689	-3.307685	0.2373	0.7275	-0.6437	0.375000	0.500000

0 	 1 	 2 
0 	 2 	 3 
4 	 5 	 6 
4 	 6 	 7 
8 	 9 	 10 
8 	 10 	 11 
12 	 13 	 14 
12 	 14 	 15 
16 	 17 	 18 
16 	 18 	 19 
20 	 21 	 22 
20 	 22 	 23 
