40	60

-1	-1	-2	0	0	-1	0	0
1	-1	-2	0	0	-1	0	0
-1	1	-2	0	0	-1	0	0
1	1	-2	0	0	-1	0	0
-1	-1	2	0	0	1	0	0
1	-1	2	0	0	1	0	0
-1	1	2	0	0	1	0	0
1	1	2	0	0	1	0	0
-1	-1	-2	-1	0	0	0	0
-1	-1	2	-1	0	0	0	0
-1	1	2	-1	0	0	0	0
-1	1	-2	-1	0	0	0	0
1	-1	-2	1	0	0	0	0
1	-1	2	1	0	0	0	0
1	1	2	1	0	0	0	0
1	1	-2	1	0	0	0	0
-1	-1	-2	0	-1	0	0	0
1	-1	-2	0	-1	0	0	0
-1	-1	2	0	-1	0	0	0
1	-1	2	0	-1	0	0	0
-1	1	-2	0	1	0	0	0
1	1	-2	0	1	0	0	0
-1	1	2	0	1	0	0	0
1	1	2	0	1	0	0	0

-3	-2	-1	0	-1	1	1	1
-1	-2	-1	0	-1	1	1	1
-3	 2	1	0	-1	1	1	1
-1	 2	1	0	-1	1	1	1
-3	-2	-1	0	1	-1	1	1
-1	-2	-1	0	1	-1	1	1
-3	 2	1	0	1	-1	1	1
-1	 2	1	0	1	-1	1	1

1	-2	-1	0	-1	1	1	1
3	-2	-1	0	-1	1	1	1
1	 2	1	0	-1	1	1	1
3	 2	1	0	-1	1	1	1
1	-2	-1	0	1	-1	1	1
3	-2	-1	0	1	-1	1	1
1	 2	1	0	1	-1	1	1
3	 2	1	0	1	-1	1	1


1	0	2
1	2	3
4	5	6
6	5	7
8	9	10
8	10	11
13	12	14
14	12	15
16	17	18
18	17	19
21	20	22
21	22	23

24	25	26
26	25	27
29	28	30
29	30	31

32	33	34
34	33	35
37	36	38
37	38	39






