22	60

 1.000000	 0.000000	0.000000	0	0	-1	0.0	0.0
 0.809017	 0.587785	0.000000	0	0	-1	0.0	0.0
 0.309017	 0.951056	0.000000	0	0	-1	0.0	0.0
-0.309017	 0.951056	0.000000	0	0	-1	0.0	0.0
-0.809017	 0.587785	0.000000	0	0	-1	0.0	0.0
-1.000000	 0.000000	0.000000	0	0	-1	0.0	0.0
-0.809017	-0.587785	0.000000	0	0	-1	0.0	0.0
-0.309017	-0.951056	0.000000	0	0	-1	0.0	0.0
 0.309017	-0.951056	0.000000	0	0	-1	0.0	0.0
 0.809017	-0.587785	0.000000	0	0	-1	0.0	0.0
0.000000	0.000000	-0.20000	0	0	-1	0.0	0.0

 1.000000	 0.000000	0.000000	0	0	1 	0.0	0.0
 0.809017	 0.587785	0.000000	0	0	1 	0.0	0.0
 0.309017	 0.951056	0.000000	0	0	1 	0.0	0.0
-0.309017	 0.951056	0.000000	0	0	1 	0.0	0.0
-0.809017	 0.587785	0.000000	0	0	1 	0.0	0.0
-1.000000	 0.000000	0.000000	0	0	1 	0.0	0.0
-0.809017	-0.587785	0.000000	0	0	1 	0.0	0.0
-0.309017	-0.951056	0.000000	0	0	1 	0.0	0.0
 0.309017	-0.951056	0.000000	0	0	1 	0.0	0.0
 0.809017	-0.587785	0.000000	0	0	1 	0.0	0.0
0.000000	0.000000	0.000000	0	0	1 	0.0	0.0

1	0	10
2	1	10
3	2	10
4	3	10
5	4	10
6	5	10
7	6	10
8	7	10
9	8	10
0	9	10
11	12	21
12	13	21
13	14	21
14	15	21
15	16	21
16	17	21
17	18	21
18	19	21
19	20	21
20	11	21







