100	294

1	0	0	0.1961161	0.9805807	0	0.02	0
0.9917900138	0	0.1278771617	0.1945059	0.9805807	0.025078	0.04	0
0.967294863	0	0.2536545839	0.189702	0.9805807	0.049745	0.06	0
0.9269167573	0	0.3752670049	0.1817832	0.9805807	0.073595	0.08	0
0.8713187041	0	0.490717552	0.1708796	0.9805807	0.096237	0.1	0
0.8014136219	0	0.5981105305	0.1571701	0.9805807	0.117299	0.12	0
0.7183493501	0	0.6956825506	0.1408798	0.9805807	0.136434	0.14	0
0.6234898019	0	0.7818314825	0.1222763	0.9805807	0.153329	0.16	0
0.5183925683	0	0.855142763	0.1016651	0.9805807	0.167707	0.18	0
0.4047833431	0	0.914412623	0.0793845	0.9805807	0.179331	0.2	0
0.2845275866	0	0.958667853	0.0558004	0.9805807	0.18801	0.22	0
0.159599895	0	0.9871817834	0.0313001	0.9805807	0.193602	0.24	0
0.0320515776	0	0.9994862162	0.0062858	0.9805807	0.196015	0.26	0
-0.0960230259	0	0.9953791129	-0.018831	0.9805807	0.195209	0.28	0
-0.222520934	0	0.9749279122	-0.043639	0.9805807	0.191199	0.3	0
-0.3453650544	0	0.938468422	-0.067731	0.9805807	0.184048	0.32	0
-0.4625382902	0	0.8865993064	-0.090711	0.9805807	0.173876	0.34	0
-0.5721166601	0	0.8201722546	-0.112201	0.9805807	0.160848	0.36	0
-0.6723008903	0	0.7402779971	-0.131849	0.9805807	0.14518	0.38	0
-0.7614459584	0	0.6482283953	-0.149331	0.9805807	0.127128	0.4	0
-0.8380881049	0	0.5455349012	-0.164362	0.9805807	0.106988	0.42	0
-0.9009688679	0	0.4338837391	-0.176694	0.9805807	0.085091	0.44	0
-0.949055747	0	0.315108218	-0.186125	0.9805807	0.061797	0.46	0
-0.981559157	0	0.1911586287	-0.192499	0.9805807	0.037489	0.48	0
-0.9979453928	0	0.06407022	-0.195713	0.9805807	0.012565	0.5	0
-0.9979453928	0	-0.06407022	-0.195713	0.9805807	-0.01256	0.52	0
-0.981559157	0	-0.1911586287	-0.192499	0.9805807	-0.03748	0.54	0
-0.949055747	0	-0.315108218	-0.186125	0.9805807	-0.06179	0.56	0
-0.9009688679	0	-0.4338837391	-0.176694	0.9805807	-0.08509	0.58	0
-0.8380881049	0	-0.5455349012	-0.164362	0.9805807	-0.10698	0.6	0
-0.7614459584	0	-0.6482283953	-0.149331	0.9805807	-0.12712	0.62	0
-0.6723008903	0	-0.7402779971	-0.131849	0.9805807	-0.14518	0.64	0
-0.5721166601	0	-0.8201722546	-0.112201	0.9805807	-0.16084	0.66	0
-0.4625382902	0	-0.8865993064	-0.090711	0.9805807	-0.17387	0.68	0
-0.3453650544	0	-0.938468422	-0.067731	0.9805807	-0.18404	0.7	0
-0.222520934	0	-0.9749279122	-0.043639	0.9805807	-0.19119	0.72	0
-0.0960230259	0	-0.9953791129	-0.018831	0.9805807	-0.1952	0.74	0
0.0320515776	0	-0.9994862162	0.0062858	0.9805807	-0.19601	0.76	0
0.159599895	0	-0.9871817834	0.0313001	0.9805807	-0.1936	0.78	0
0.2845275866	0	-0.958667853	0.0558004	0.9805807	-0.18801	0.8	0
0.4047833431	0	-0.914412623	0.0793845	0.9805807	-0.17933	0.82	0
0.5183925683	0	-0.855142763	0.1016651	0.9805807	-0.1677	0.84	0
0.6234898019	0	-0.7818314825	0.1222763	0.9805807	-0.15332	0.86	0
0.7183493501	0	-0.6956825506	0.1408798	0.9805807	-0.13643	0.88	0
0.8014136219	0	-0.5981105305	0.1571701	0.9805807	-0.11729	0.9	0
0.8713187041	0	-0.490717552	0.1708796	0.9805807	-0.09623	0.92	0
0.9269167573	0	-0.3752670049	0.1817832	0.9805807	-0.07359	0.94	0
0.967294863	0	-0.2536545839	0.189702	0.9805807	-0.04974	0.96	0
0.9917900138	0	-0.1278771617	0.1945059	0.9805807	-0.02507	0.98	0
0	0.2	0	-0	0.9805807	0	0.5	1

1	0	0	-0	-1	0	0.02	0
0.9917900138	0	0.1278771617	-0	-1	0	0.04	0
0.967294863	0	0.2536545839	-0	-1	0	0.06	0
0.9269167573	0	0.3752670049	-0	-1	0	0.08	0
0.8713187041	0	0.490717552	-0	-1	0	0.1	0
0.8014136219	0	0.5981105305	-0	-1	0	0.12	0
0.7183493501	0	0.6956825506	-0	-1	0	0.14	0
0.6234898019	0	0.7818314825	-0	-1	0	0.16	0
0.5183925683	0	0.855142763	-0	-1	0	0.18	0
0.4047833431	0	0.914412623	-0	-1	0	0.2	0
0.2845275866	0	0.958667853	-0	-1	0	0.22	0
0.159599895	0	0.9871817834	-0	-1	0	0.24	0
0.0320515776	0	0.9994862162	-0	-1	0	0.26	0
-0.0960230259	0	0.9953791129	-0	-1	0	0.28	0
-0.222520934	0	0.9749279122	-0	-1	0	0.3	0
-0.3453650544	0	0.938468422	-0	-1	0	0.32	0
-0.4625382902	0	0.8865993064	-0	-1	0	0.34	0
-0.5721166601	0	0.8201722546	-0	-1	0	0.36	0
-0.6723008903	0	0.7402779971	-0	-1	0	0.38	0
-0.7614459584	0	0.6482283953	-0	-1	0	0.4	0
-0.8380881049	0	0.5455349012	-0	-1	0	0.42	0
-0.9009688679	0	0.4338837391	-0	-1	0	0.44	0
-0.949055747	0	0.315108218	-0	-1	0	0.46	0
-0.981559157	0	0.1911586287	-0	-1	0	0.48	0
-0.9979453928	0	0.06407022	-0	-1	0	0.5	0
-0.9979453928	0	-0.06407022	-0	-1	0	0.52	0
-0.981559157	0	-0.1911586287	-0	-1	0	0.54	0
-0.949055747	0	-0.315108218	-0	-1	0	0.56	0
-0.9009688679	0	-0.4338837391	-0	-1	0	0.58	0
-0.8380881049	0	-0.5455349012	-0	-1	0	0.6	0
-0.7614459584	0	-0.6482283953	-0	-1	0	0.62	0
-0.6723008903	0	-0.7402779971	-0	-1	0	0.64	0
-0.5721166601	0	-0.8201722546	-0	-1	0	0.66	0
-0.4625382902	0	-0.8865993064	-0	-1	0	0.68	0
-0.3453650544	0	-0.938468422	-0	-1	0	0.7	0
-0.222520934	0	-0.9749279122	-0	-1	0	0.72	0
-0.0960230259	0	-0.9953791129	-0	-1	0	0.74	0
0.0320515776	0	-0.9994862162	-0	-1	0	0.76	0
0.159599895	0	-0.9871817834	-0	-1	0	0.78	0
0.2845275866	0	-0.958667853	-0	-1	0	0.8	0
0.4047833431	0	-0.914412623	-0	-1	0	0.82	0
0.5183925683	0	-0.855142763	-0	-1	0	0.84	0
0.6234898019	0	-0.7818314825	-0	-1	0	0.86	0
0.7183493501	0	-0.6956825506	-0	-1	0	0.88	0
0.8014136219	0	-0.5981105305	-0	-1	0	0.9	0
0.8713187041	0	-0.490717552	-0	-1	0	0.92	0
0.9269167573	0	-0.3752670049	-0	-1	0	0.94	0
0.967294863	0	-0.2536545839	-0	-1	0	0.96	0
0.9917900138	0	-0.1278771617	-0	-1	0	0.98	0
0	-0	0	-0	-1	0	0.5	0.3



1	0	49
2	1	49
3	2	49
4	3	49
5	4	49
6	5	49
7	6	49
8	7	49
9	8	49
10	9	49
11	10	49
12	11	49
13	12	49
14	13	49
15	14	49
16	15	49
17	16	49
18	17	49
19	18	49
20	19	49
21	20	49
22	21	49
23	22	49
24	23	49
25	24	49
26	25	49
27	26	49
28	27	49
29	28	49
30	29	49
31	30	49
32	31	49
33	32	49
34	33	49
35	34	49
36	35	49
37	36	49
38	37	49
39	38	49
40	39	49
41	40	49
42	41	49
43	42	49
44	43	49
45	44	49
46	45	49
47	46	49
48	47	49
0	48	49

50	51	99
51	52	99
52	53	99
53	54	99
54	55	99
55	56	99
56	57	99
57	58	99
58	59	99
59	60	99
60	61	99
61	62	99
62	63	99
63	64	99
64	65	99
65	66	99
66	67	99
67	68	99
68	69	99
69	70	99
70	71	99
71	72	99
72	73	99
73	74	99
74	75	99
75	76	99
76	77	99
77	78	99
78	79	99
79	80	99
80	81	99
81	82	99
82	83	99
83	84	99
84	85	99
85	86	99
86	87	99
87	88	99
88	89	99
89	90	99
90	91	99
91	92	99
92	93	99
93	94	99
94	95	99
95	96	99
96	97	99
97	98	99
98	50	99

